xof 0303txt 0032
template ColorRGBA {
 <35ff44e0-6c7c-11cf-8f52-0040333594a3>
 FLOAT red;
 FLOAT green;
 FLOAT blue;
 FLOAT alpha;
}

template ColorRGB {
 <d3e16e81-7835-11cf-8f52-0040333594a3>
 FLOAT red;
 FLOAT green;
 FLOAT blue;
}

template Material {
 <3d82ab4d-62da-11cf-ab39-0020af71e433>
 ColorRGBA faceColor;
 FLOAT power;
 ColorRGB specularColor;
 ColorRGB emissiveColor;
 [...]
}

template TextureFilename {
 <a42790e1-7810-11cf-8f52-0040333594a3>
 STRING filename;
}

template Frame {
 <3d82ab46-62da-11cf-ab39-0020af71e433>
 [...]
}

template Matrix4x4 {
 <f6f23f45-7686-11cf-8f52-0040333594a3>
 array FLOAT matrix[16];
}

template FrameTransformMatrix {
 <f6f23f41-7686-11cf-8f52-0040333594a3>
 Matrix4x4 frameMatrix;
}

template Vector {
 <3d82ab5e-62da-11cf-ab39-0020af71e433>
 FLOAT x;
 FLOAT y;
 FLOAT z;
}

template MeshFace {
 <3d82ab5f-62da-11cf-ab39-0020af71e433>
 DWORD nFaceVertexIndices;
 array DWORD faceVertexIndices[nFaceVertexIndices];
}

template Mesh {
 <3d82ab44-62da-11cf-ab39-0020af71e433>
 DWORD nVertices;
 array Vector vertices[nVertices];
 DWORD nFaces;
 array MeshFace faces[nFaces];
 [...]
}

template MeshNormals {
 <f6f23f43-7686-11cf-8f52-0040333594a3>
 DWORD nNormals;
 array Vector normals[nNormals];
 DWORD nFaceNormals;
 array MeshFace faceNormals[nFaceNormals];
}

template MeshMaterialList {
 <f6f23f42-7686-11cf-8f52-0040333594a3>
 DWORD nMaterials;
 DWORD nFaceIndexes;
 array DWORD faceIndexes[nFaceIndexes];
 [Material <3d82ab4d-62da-11cf-ab39-0020af71e433>]
}

template Coords2d {
 <f6f23f44-7686-11cf-8f52-0040333594a3>
 FLOAT u;
 FLOAT v;
}

template MeshTextureCoords {
 <f6f23f40-7686-11cf-8f52-0040333594a3>
 DWORD nTextureCoords;
 array Coords2d textureCoords[nTextureCoords];
}

template XSkinMeshHeader {
 <3cf169ce-ff7c-44ab-93c0-f78f62d172e2>
 WORD nMaxSkinWeightsPerVertex;
 WORD nMaxSkinWeightsPerFace;
 WORD nBones;
}

template SkinWeights {
 <6f0d123b-bad2-4167-a0d0-80224f25fabb>
 STRING transformNodeName;
 DWORD nWeights;
 array DWORD vertexIndices[nWeights];
 array FLOAT weights[nWeights];
 Matrix4x4 matrixOffset;
}

template AnimTicksPerSecond {
 <9e415a43-7ba6-4a73-8743-b73d47e88476>
 DWORD AnimTicksPerSecond;
}

template Animation {
 <3d82ab4f-62da-11cf-ab39-0020af71e433>
 [...]
}

template AnimationSet {
 <3d82ab50-62da-11cf-ab39-0020af71e433>
 [Animation <3d82ab4f-62da-11cf-ab39-0020af71e433>]
}

template FloatKeys {
 <10dd46a9-775b-11cf-8f52-0040333594a3>
 DWORD nValues;
 array FLOAT values[nValues];
}

template TimedFloatKeys {
 <f406b180-7b3b-11cf-8f52-0040333594a3>
 DWORD time;
 FloatKeys tfkeys;
}

template AnimationKey {
 <10dd46a8-775b-11cf-8f52-0040333594a3>
 DWORD keyType;
 DWORD nKeys;
 array TimedFloatKeys keys[nKeys];
}


Material Alice_Asylum_Skin_XTX_Mat_INST {
 1.000000;1.000000;1.000000;1.000000;;
 10.000000;
 0.000000;0.000000;0.000000;;
 0.000000;0.000000;0.000000;;

 TextureFilename {
  "Alice_Asylum_Skin_DM.tga";
 }
}

Material Alice_Asylum_Clothes_ATX_Mat_INST {
 1.000000;1.000000;1.000000;1.000000;;
 10.000000;
 0.000000;0.000000;0.000000;;
 0.000000;0.000000;0.000000;;

 TextureFilename {
  "Alice_Asylum_Clothes_DM.tga";
 }
}

Frame Root {
 

 FrameTransformMatrix {
  1.000000,0.000000,0.000000,0.000000,0.000000,1.000000,0.000000,0.000000,0.000000,0.000000,1.000000,0.000000,0.000000,0.000000,0.000000,1.000000;;
 }

 Frame RefBox {
  

  FrameTransformMatrix {
   1.000000,0.000000,0.000000,0.000000,0.000000,1.000000,0.000000,0.000000,0.000000,0.000000,1.000000,0.000000,0.000000,0.000000,0.000000,1.000000;;
  }
 }

 Frame Refbox_Align {
  

  FrameTransformMatrix {
   1.000000,0.000000,0.000000,0.000000,0.000000,1.000000,0.000000,0.000000,0.000000,0.000000,1.000000,0.000000,0.000149,0.000000,0.000000,1.000000;;
  }
 }

 Frame Bip01 {
  

  FrameTransformMatrix {
   0.003007,-0.295885,-0.955219,0.000000,-0.011076,0.955155,-0.295900,0.000000,0.999934,0.011470,-0.000405,0.000000,0.000000,4.409782,0.000000,1.000000;;
  }

  Frame Bip01-Pelvis {
   

   FrameTransformMatrix {
    -0.000000,1.000000,-0.000001,0.000000,-0.000001,0.000001,1.000000,0.000000,1.000000,0.000000,0.000001,0.000000,0.000000,0.000000,0.000000,1.000000;;
   }

   Frame Bip01-Spine {
    

    FrameTransformMatrix {
     0.991102,-0.073917,0.110690,0.000000,0.077390,0.996624,-0.027415,0.000000,-0.108290,0.035737,0.993477,0.000000,0.999756,0.000001,0.067922,1.000000;;
    }

    Frame Bip01-Spine1 {
     

     FrameTransformMatrix {
      0.994258,-0.089340,-0.058899,0.000000,0.087698,0.995698,-0.029904,0.000000,0.061318,0.024567,0.997816,0.000000,0.339851,0.000000,-0.000254,1.000000;;
     }

     Frame Bip01-Spine2 {
      

      FrameTransformMatrix {
       0.972597,-0.092856,-0.213149,0.000000,0.091475,0.995673,-0.016358,0.000000,0.213746,-0.003588,0.976883,0.000000,0.324883,-0.000000,-0.000563,1.000000;;
      }

      Frame Bip01-Neck {
       

       FrameTransformMatrix {
        0.772296,-0.301082,0.559382,0.000000,0.262737,0.953097,0.150254,0.000000,-0.578384,0.030930,0.815178,0.000000,0.925793,0.000000,0.059603,1.000000;;
       }

       Frame Bip01-Head {
        

        FrameTransformMatrix {
         0.967360,0.209529,-0.142521,0.000000,-0.213827,0.976751,-0.015371,0.000000,0.135987,0.045344,0.989672,0.000000,0.232339,-0.000014,-0.017374,1.000000;;
        }

        Frame Face_Root {
         

         FrameTransformMatrix {
          0.996093,-0.000000,-0.088312,0.000000,-0.000001,1.000000,-0.000009,0.000000,0.088312,0.000009,0.996093,0.000000,-0.000024,0.000000,0.000001,1.000000;;
         }

         Frame Face_Eye_Left {
          

          FrameTransformMatrix {
           -0.061333,0.102867,0.992802,0.000000,0.407110,-0.905597,0.118982,0.000000,0.911318,0.411477,0.013664,0.000000,0.455792,0.171481,0.331503,1.000000;;
          }
         }

         Frame Face_Eye_Right {
          

          FrameTransformMatrix {
           0.036534,-0.103473,0.993961,0.000000,0.415957,-0.902795,-0.109272,0.000000,0.908650,0.417437,0.010058,0.000000,0.455792,-0.171486,0.331501,1.000000;;
          }
         }

         Frame Face_Eyebrow_L_Mid {
          

          FrameTransformMatrix {
           0.163497,-0.203853,-0.965253,0.000000,-0.249377,-0.955184,0.159486,0.000000,-0.954505,0.214636,-0.207005,0.000000,0.574246,0.177581,0.468161,1.000000;;
          }
         }

         Frame Face_Eyebrow_R_In {
          

          FrameTransformMatrix {
           0.165024,0.204052,-0.964951,0.000000,0.490955,-0.865534,-0.099066,0.000000,-0.855412,-0.457399,-0.243015,0.000000,0.519344,-0.061827,0.483281,1.000000;;
          }
         }

         Frame Face_Jaw {
          

          FrameTransformMatrix {
           -0.310012,-0.000003,0.950733,0.000000,-0.000008,1.000000,0.000000,0.000000,-0.950732,-0.000008,-0.310012,0.000000,0.237325,-0.000002,0.043541,1.000000;;
          }

          Frame Face_Lip_Lower_C {
           

           FrameTransformMatrix {
            0.911423,-0.000793,-0.411471,0.000000,0.000759,1.000000,-0.000245,0.000000,0.411471,-0.000089,0.911423,0.000000,0.453296,-0.000001,0.021154,1.000000;;
           }
          }

          Frame Face_Lip_Lower_L {
           

           FrameTransformMatrix {
            -0.425103,0.898803,-0.106964,0.000000,0.889172,0.392571,-0.235078,0.000000,-0.169298,-0.195041,-0.966073,0.000000,0.450282,0.062498,0.014000,1.000000;;
           }
          }

          Frame Face_Lip_Lower_R {
           

           FrameTransformMatrix {
            -0.425103,-0.898804,-0.106957,0.000000,-0.889172,0.392574,0.235072,0.000000,-0.169295,0.195032,-0.966076,0.000000,0.450283,-0.062498,0.014002,1.000000;;
           }
          }

          Frame Face_Tongue {
           

           FrameTransformMatrix {
            0.950733,-0.000008,-0.310012,0.000000,0.000008,1.000000,0.000000,0.000000,0.310012,-0.000003,0.950733,0.000000,0.274176,-0.000000,0.055243,1.000000;;
           }

           Frame Face_Tongue01 {
            

            FrameTransformMatrix {
             1.000000,-0.000003,0.000000,0.000000,0.000003,1.000000,0.000004,0.000000,-0.000000,-0.000004,1.000000,0.000000,0.094296,0.000001,0.000000,1.000000;;
            }
           }
          }
         }

         Frame Face_Upper {
          

          FrameTransformMatrix {
           0.178592,0.000000,0.983923,0.000000,-0.000008,1.000000,0.000001,0.000000,-0.983923,-0.000008,0.178592,0.000000,0.109972,-0.000003,0.255926,1.000000;;
          }

          Frame Face_Lip_Upper_L {
           

           FrameTransformMatrix {
            -0.565252,0.760513,0.319548,0.000000,0.010982,0.394272,-0.918928,0.000000,-0.824846,-0.515917,-0.231214,0.000000,0.217927,0.065120,0.013442,1.000000;;
           }
          }

          Frame Face_Lip_Upper_R {
           

           FrameTransformMatrix {
            -0.565251,-0.760512,0.319552,0.000000,-0.010986,0.394280,0.918925,0.000000,-0.824846,0.515913,-0.231222,0.000000,0.217927,-0.065119,0.013444,1.000000;;
           }
          }

          Frame Face_Lip_Upper_C {
           

           FrameTransformMatrix {
            0.383127,0.000003,0.923696,0.000000,-0.000003,1.000000,-0.000002,0.000000,-0.923696,-0.000002,0.383127,0.000000,0.243910,-0.000019,0.001363,1.000000;;
           }
          }
         }

         Frame Face_Eyebrow_R_Mid {
          

          FrameTransformMatrix {
           0.163496,0.203871,-0.965249,0.000000,0.249380,-0.955180,-0.159504,0.000000,-0.954504,-0.214635,-0.207009,0.000000,0.574248,-0.177587,0.468158,1.000000;;
          }
         }

         Frame Face_Cheek_Low_L {
          

          FrameTransformMatrix {
           -0.318336,-0.565070,0.761155,0.000000,-0.135632,0.821814,0.553377,0.000000,-0.938225,0.072923,-0.338255,0.000000,0.160103,0.263696,0.303801,1.000000;;
          }
         }

         Frame Face_Cheek_Low_R {
          

          FrameTransformMatrix {
           -0.318336,0.565060,0.761163,0.000000,0.135627,0.821820,-0.553368,0.000000,-0.938226,-0.072923,-0.338252,0.000000,0.160102,-0.263700,0.303798,1.000000;;
          }
         }

         Frame Face_Cheek_Up_L {
          

          FrameTransformMatrix {
           -0.315927,-0.797842,0.513457,0.000000,0.948066,-0.286504,0.138152,0.000000,0.036884,0.530438,0.846921,0.000000,0.342698,0.273496,0.370368,1.000000;;
          }
         }

         Frame Face_Cheek_Up_R {
          

          FrameTransformMatrix {
           -0.315928,0.797835,0.513468,0.000000,-0.948066,-0.286505,-0.138151,0.000000,0.036889,-0.530447,0.846915,0.000000,0.342697,-0.273500,0.370365,1.000000;;
          }
         }

         Frame Face_Eyebrow_L_In {
          

          FrameTransformMatrix {
           0.165024,-0.204040,-0.964953,0.000000,-0.490959,-0.865533,0.099054,0.000000,-0.855410,0.457406,-0.243009,0.000000,0.519345,0.061820,0.483282,1.000000;;
          }
         }

         Frame Face_Eyebrow_L_Out {
          

          FrameTransformMatrix {
           0.351609,-0.600423,0.718237,0.000000,0.000509,0.767349,0.641230,0.000000,-0.936147,-0.225096,0.270112,0.000000,0.547969,0.288354,0.341597,1.000000;;
          }
         }

         Frame Face_Eyebrow_R_Out {
          

          FrameTransformMatrix {
           0.351609,0.600413,0.718245,0.000000,-0.000514,0.767359,-0.641218,0.000000,-0.936147,0.225089,0.270119,0.000000,0.547971,-0.288358,0.341591,1.000000;;
          }
         }

         Frame Face_LowerLids {
          

          FrameTransformMatrix {
           -0.240834,-0.000005,0.970566,0.000000,-0.000007,1.000000,0.000004,0.000000,-0.970566,-0.000005,-0.240834,0.000000,0.451687,-0.000004,0.330987,1.000000;;
          }

          Frame Face_LowerLid_L_Out {
           

           FrameTransformMatrix {
            0.988452,-0.000006,-0.151540,0.000000,0.000006,1.000000,-0.000003,0.000000,0.151540,0.000002,0.988451,0.000000,0.062062,0.238610,0.019020,1.000000;;
           }
          }

          Frame Face_LowerLid_L_In {
           

           FrameTransformMatrix {
            0.988452,-0.000006,-0.151540,0.000000,0.000006,1.000000,-0.000003,0.000000,0.151540,0.000002,0.988451,0.000000,0.098097,0.148327,0.027740,1.000000;;
           }
          }

          Frame Face_LowerLid_R_In {
           

           FrameTransformMatrix {
            0.988452,-0.000006,-0.151540,0.000000,0.000006,1.000000,-0.000003,0.000000,0.151540,0.000002,0.988451,0.000000,0.098104,-0.149174,0.027746,1.000000;;
           }
          }

          Frame Face_LowerLid_R_Out {
           

           FrameTransformMatrix {
            0.988452,-0.000006,-0.151540,0.000000,0.000006,1.000000,-0.000003,0.000000,0.151540,0.000002,0.988451,0.000000,0.062031,-0.239025,0.019016,1.000000;;
           }
          }
         }

         Frame Face_UpperLids {
          

          FrameTransformMatrix {
           0.402251,-0.000004,0.915529,0.000000,-0.000007,1.000000,0.000008,0.000000,-0.915529,-0.000010,0.402251,0.000000,0.451664,-0.000004,0.330852,1.000000;;
          }

          Frame Face_UpperLid_R_Out {
           

           FrameTransformMatrix {
            0.876429,-0.000002,0.481531,0.000000,0.000003,1.000000,-0.000001,0.000000,-0.481530,0.000002,0.876430,0.000000,0.041518,-0.252175,-0.010591,1.000000;;
           }
          }

          Frame Face_UpperLid_R_In {
           

           FrameTransformMatrix {
            0.876429,-0.000002,0.481531,0.000000,0.000003,1.000000,-0.000001,0.000000,-0.481530,0.000002,0.876430,0.000000,0.087471,-0.148991,0.009223,1.000000;;
           }
          }

          Frame Face_UpperLid_L_Out {
           

           FrameTransformMatrix {
            0.876429,-0.000002,0.481531,0.000000,0.000003,1.000000,-0.000001,0.000000,-0.481530,0.000002,0.876430,0.000000,0.041537,0.251817,-0.010476,1.000000;;
           }
          }

          Frame Face_UpperLid_L_In {
           

           FrameTransformMatrix {
            0.876429,-0.000002,0.481531,0.000000,0.000003,1.000000,-0.000001,0.000000,-0.481530,0.000002,0.876430,0.000000,0.085174,0.152637,0.008237,1.000000;;
           }
          }
         }

         Frame Face_nose_L {
          

          FrameTransformMatrix {
           0.051412,0.348747,0.935806,0.000000,0.147864,0.924059,-0.352493,0.000000,-0.987670,0.156494,-0.004059,0.000000,0.254942,0.039792,0.491755,1.000000;;
          }
         }

         Frame Face_nose_R {
          

          FrameTransformMatrix {
           0.051412,-0.348759,0.935801,0.000000,-0.147870,0.924054,0.352505,0.000000,-0.987670,-0.156500,-0.004063,0.000000,0.254941,-0.039798,0.491754,1.000000;;
          }
         }

         Frame Face_Corner_R {
          

          FrameTransformMatrix {
           -0.172905,-0.631511,0.755843,0.000000,-0.505542,0.715505,0.482162,0.000000,-0.845299,-0.298742,-0.442969,0.000000,0.101240,-0.107060,0.419458,1.000000;;
          }
         }

         Frame Face_Corner_L {
          

          FrameTransformMatrix {
           -0.172905,0.631502,0.755850,0.000000,0.505537,0.715512,-0.482156,0.000000,-0.845302,0.298743,-0.442963,0.000000,0.101240,0.107062,0.419458,1.000000;;
          }
         }
        }
       }
      }

      Frame Bip01-Back_point {
       

       FrameTransformMatrix {
        0.416376,-0.041226,-0.908258,0.000000,-0.731279,0.578404,-0.361497,0.000000,0.540243,0.814708,0.210686,0.000000,0.848814,-0.257716,-0.403781,1.000000;;
       }
      }

      Frame Bip01-L-Clavicle {
       

       FrameTransformMatrix {
        -0.255119,0.964193,-0.072422,0.000000,0.966909,0.254342,-0.019923,0.000000,-0.000790,-0.075108,-0.997175,0.000000,0.743552,0.157989,-0.005324,1.000000;;
       }

       Frame Bip01-LUpArmTwist {
        

        FrameTransformMatrix {
         0.301788,-0.885760,-0.352638,0.000000,0.398419,0.453210,-0.797410,0.000000,0.866133,0.100151,0.489677,0.000000,0.353699,-0.000002,0.000000,1.000000;;
        }

        Frame Bip01-LUpArmTwist1 {
         

         FrameTransformMatrix {
          1.000000,0.000000,0.000000,0.000000,-0.000000,0.931653,-0.363350,0.000000,-0.000000,0.363350,0.931653,0.000000,0.636988,0.000000,-0.000000,1.000000;;
         }
        }
       }
      }

      Frame Bip01-R-Clavicle {
       

       FrameTransformMatrix {
        -0.225270,-0.968359,-0.107394,0.000000,-0.974296,0.223808,0.025639,0.000000,-0.000792,0.110410,-0.993886,0.000000,0.743551,-0.157989,-0.005323,1.000000;;
       }

       Frame Bip01-RUpArmTwist {
        

        FrameTransformMatrix {
         0.326606,0.880570,-0.343403,0.000000,-0.532616,0.471617,0.702779,0.000000,0.780800,-0.046630,0.623038,0.000000,0.353698,-0.000000,-0.000000,1.000000;;
        }

        Frame Bip01-RUpArmTwist1 {
         

         FrameTransformMatrix {
          1.000000,0.000000,-0.000000,0.000000,-0.000000,0.985356,0.170511,0.000000,0.000000,-0.170511,0.985356,0.000000,0.636988,-0.000000,0.000000,1.000000;;
         }
        }
       }
      }
     }
    }
   }

   Frame Bip01-L-Thigh {
    

    FrameTransformMatrix {
     -0.646565,0.050348,0.761196,0.000000,0.005075,-0.997514,0.070289,0.000000,0.762843,0.049310,0.644701,0.000000,0.000000,0.339768,0.000001,1.000000;;
    }

    Frame Bip01-L-Calf {
     

     FrameTransformMatrix {
      0.517871,0.000000,-0.855459,0.000000,-0.000000,1.000000,0.000000,0.000000,0.855458,0.000000,0.517871,0.000000,1.994130,0.000000,-0.000000,1.000000;;
     }

     Frame Bip01-L-Foot {
      

      FrameTransformMatrix {
       0.984117,-0.070153,0.163072,0.000000,0.037564,0.980095,0.194944,0.000000,-0.173502,-0.185722,0.967163,0.000000,1.953127,-0.000000,0.000000,1.000000;;
      }

      Frame Bip01-L-Toe0 {
       

       FrameTransformMatrix {
        -0.160417,-0.160405,0.973929,0.000000,-0.171813,0.976181,0.132476,0.000000,-0.971981,-0.146082,-0.184156,0.000000,0.460064,-0.003829,0.483100,1.000000;;
       }
      }
     }
    }
   }

   Frame Bip01-R-Thigh {
    

    FrameTransformMatrix {
     -0.988603,-0.129994,0.075940,0.000000,0.105431,-0.957868,-0.267157,0.000000,0.107469,-0.256105,0.960656,0.000000,0.000000,-0.339768,-0.000000,1.000000;;
    }

    Frame Bip01-R-Calf {
     

     FrameTransformMatrix {
      0.937764,-0.000000,-0.347274,0.000000,0.000000,1.000000,0.000000,0.000000,0.347274,-0.000000,0.937764,0.000000,1.994130,0.000000,0.000000,1.000000;;
     }

     Frame Bip01-R-Foot {
      

      FrameTransformMatrix {
       0.948142,-0.091469,0.304402,0.000000,0.021147,0.973729,0.226725,0.000000,-0.317143,-0.208530,0.925168,0.000000,1.953127,-0.000000,0.000000,1.000000;;
      }

      Frame Bip01-R-Toe0 {
       

       FrameTransformMatrix {
        -0.284669,-0.010323,0.958571,0.000000,-0.093841,0.995439,-0.017148,0.000000,-0.954022,-0.094834,-0.284339,0.000000,0.460064,0.003828,0.483100,1.000000;;
       }
      }
     }
    }
   }
  }
 }
}

Frame SK_Alice_Asylum {
 

 FrameTransformMatrix {
  1.000000,0.000000,0.000000,0.000000,0.000000,1.000000,0.000000,0.000000,0.000000,0.000000,1.000000,0.000000,0.000000,0.000000,0.000000,1.000000;;
 }

 Mesh SK_Alice_Asylum {
  4974;
  -0.098241;7.272769;-0.412072;,
  -0.086046;7.272394;-0.417537;,
  -0.092816;7.271342;-0.411807;,
  -0.063081;7.276344;-0.436432;,
  -0.077271;7.278730;-0.433122;,
  -0.065186;7.281083;-0.441777;,
  -0.074346;7.274618;-0.426312;,
  -0.074346;7.274618;-0.426312;,
  -0.090081;7.275614;-0.420407;,
  -0.103371;7.274238;-0.411717;,
  -0.097921;7.271488;-0.410432;,
  -0.098241;7.272769;-0.412072;,
  -0.103191;7.271798;-0.410157;,
  -0.095546;7.270209;-0.413192;,
  -0.097876;7.266953;-0.413292;,
  -0.108361;7.271764;-0.408447;,
  -0.090806;7.271908;-0.412992;,
  -0.090856;7.237113;-0.416902;,
  -0.100851;7.263003;-0.411702;,
  -0.085906;7.254819;-0.424562;,
  -0.083646;7.263434;-0.426777;,
  -0.081411;7.270562;-0.425397;,
  -0.075001;7.274028;-0.421177;,
  -0.055136;7.278548;-0.434157;,
  -0.059246;7.272053;-0.447117;,
  -0.039991;7.272253;-0.456392;,
  -0.040671;7.254338;-0.459587;,
  -0.063281;7.258434;-0.449882;,
  -0.063401;7.245429;-0.444402;,
  -0.019251;7.235958;-0.456762;,
  -0.040426;7.238378;-0.453272;,
  -0.018676;7.252762;-0.462982;,
  -0.121206;7.215518;-0.382117;,
  -0.110526;7.170972;-0.370237;,
  -0.144741;7.213403;-0.358252;,
  -0.091096;7.189893;-0.398197;,
  -0.103471;7.224643;-0.401412;,
  -0.072446;7.210723;-0.413457;,
  -0.063966;7.229207;-0.428882;,
  0.000059;7.237092;-0.457172;,
  0.000059;7.252962;-0.463672;,
  0.000059;7.226152;-0.441227;,
  -0.017751;7.225822;-0.440652;,
  -0.040566;7.225362;-0.437317;,
  -0.043361;7.205723;-0.420152;,
  -0.054926;7.176208;-0.410347;,
  -0.073191;7.143893;-0.404147;,
  -0.039731;7.105493;-0.398182;,
  -0.081256;7.124098;-0.382447;,
  -0.037276;7.131178;-0.417157;,
  -0.028866;7.171578;-0.421317;,
  -0.019146;7.205178;-0.422697;,
  0.000059;7.204598;-0.424342;,
  0.000059;7.127388;-0.421267;,
  0.000059;7.170228;-0.423992;,
  0.019264;7.205178;-0.422697;,
  0.028984;7.171578;-0.421317;,
  0.037394;7.131178;-0.417157;,
  0.055044;7.176208;-0.410347;,
  0.043479;7.205723;-0.420152;,
  0.072564;7.210723;-0.413457;,
  0.103589;7.224643;-0.401412;,
  0.091214;7.189893;-0.398197;,
  0.073309;7.143893;-0.404147;,
  0.039849;7.105493;-0.398182;,
  0.000059;7.100368;-0.405612;,
  -0.040611;7.092138;-0.372912;,
  0.132199;7.250818;-0.390827;,
  0.121324;7.215518;-0.382117;,
  0.110644;7.170972;-0.370237;,
  0.081374;7.124098;-0.382447;,
  0.040729;7.092138;-0.372912;,
  0.000059;7.085868;-0.378547;,
  0.000059;7.080758;-0.344622;,
  0.044739;7.087407;-0.338892;,
  0.085809;7.116842;-0.353967;,
  0.122324;7.159878;-0.347122;,
  0.000059;7.083958;-0.304892;,
  0.047029;7.091952;-0.295742;,
  0.092464;7.113988;-0.315497;,
  0.130924;7.154598;-0.322512;,
  0.163839;7.211913;-0.336147;,
  0.144859;7.213403;-0.358252;,
  0.183014;7.210802;-0.298307;,
  0.141379;7.152478;-0.282707;,
  0.091439;7.115078;-0.271282;,
  0.140664;7.148758;-0.239687;,
  0.194614;7.205408;-0.251547;,
  0.217234;7.260342;-0.293317;,
  0.194214;7.259328;-0.335762;,
  0.168489;7.255588;-0.364932;,
  0.244049;7.321138;-0.311232;,
  0.212939;7.310727;-0.351957;,
  0.194214;7.259328;-0.335762;,
  0.260684;7.378442;-0.331317;,
  0.147094;7.251253;-0.381777;,
  0.159174;7.285028;-0.390892;,
  0.179949;7.294604;-0.378172;,
  0.224319;7.360208;-0.368247;,
  0.265804;7.441738;-0.355502;,
  0.141379;7.279484;-0.398877;,
  0.158224;7.320454;-0.405802;,
  0.183299;7.337378;-0.393782;,
  0.223854;7.409959;-0.386907;,
  0.208079;7.454494;-0.401832;,
  0.250329;7.499864;-0.372957;,
  0.162244;7.412814;-0.416857;,
  0.178049;7.378458;-0.406272;,
  0.142044;7.353594;-0.418907;,
  0.126429;7.337784;-0.424467;,
  0.139384;7.305878;-0.411407;,
  0.126534;7.275249;-0.403862;,
  0.127349;7.295849;-0.413937;,
  0.113824;7.320894;-0.428427;,
  0.104339;7.360944;-0.435547;,
  0.121689;7.385683;-0.428177;,
  0.137739;7.441749;-0.423072;,
  0.097784;7.288363;-0.429017;,
  0.114089;7.281763;-0.413227;,
  0.109729;7.278078;-0.411982;,
  0.099319;7.293643;-0.430592;,
  0.086404;7.303234;-0.442272;,
  0.095044;7.333828;-0.439087;,
  0.077509;7.380718;-0.440782;,
  0.094084;7.409918;-0.433367;,
  0.037429;7.328879;-0.471652;,
  0.059234;7.315408;-0.465367;,
  0.040089;7.323554;-0.475332;,
  0.057814;7.321388;-0.462537;,
  0.031474;7.349683;-0.466212;,
  0.055439;7.349949;-0.455827;,
  0.076589;7.343948;-0.447572;,
  0.073199;7.312073;-0.453052;,
  0.072604;7.307388;-0.453137;,
  0.054364;7.295204;-0.459917;,
  0.068609;7.289622;-0.449587;,
  0.050864;7.284734;-0.453312;,
  0.065304;7.281083;-0.441777;,
  0.048904;7.279098;-0.445742;,
  0.063199;7.276344;-0.436432;,
  0.036884;7.284444;-0.459457;,
  0.018114;7.282149;-0.464187;,
  0.038769;7.299265;-0.469152;,
  0.034449;7.278419;-0.449247;,
  0.018219;7.275699;-0.453867;,
  0.000059;7.274154;-0.455567;,
  0.000059;7.279814;-0.465907;,
  0.018364;7.299130;-0.477962;,
  0.000059;7.297774;-0.480702;,
  -0.048786;7.279098;-0.445742;,
  -0.036766;7.284444;-0.459457;,
  -0.034331;7.278419;-0.449247;,
  -0.017996;7.282149;-0.464187;,
  -0.018101;7.275699;-0.453867;,
  -0.018246;7.299130;-0.477962;,
  0.000059;7.320383;-0.482877;,
  0.018364;7.324414;-0.481857;,
  -0.018246;7.324414;-0.481857;,
  0.016434;7.329919;-0.476782;,
  0.000059;7.342384;-0.466417;,
  0.013354;7.348114;-0.466582;,
  0.000059;7.325489;-0.476722;,
  -0.016316;7.329919;-0.476782;,
  -0.039971;7.323554;-0.475332;,
  -0.038651;7.299265;-0.469152;,
  -0.037311;7.328879;-0.471652;,
  -0.013236;7.348114;-0.466582;,
  -0.059116;7.315408;-0.465367;,
  -0.054246;7.295204;-0.459917;,
  -0.050746;7.284734;-0.453312;,
  -0.063081;7.276344;-0.436432;,
  -0.080196;7.286194;-0.438732;,
  -0.068491;7.289622;-0.449587;,
  -0.072486;7.307388;-0.453137;,
  -0.073081;7.312073;-0.453052;,
  -0.086286;7.303234;-0.442272;,
  -0.094926;7.333828;-0.439087;,
  -0.094176;7.280154;-0.425172;,
  -0.109611;7.278078;-0.411982;,
  -0.097666;7.288363;-0.429017;,
  -0.085226;7.298718;-0.442992;,
  -0.099201;7.293643;-0.430592;,
  -0.113706;7.320894;-0.428427;,
  -0.127231;7.295849;-0.413937;,
  -0.141261;7.279483;-0.398877;,
  -0.139266;7.305878;-0.411407;,
  -0.126416;7.275249;-0.403862;,
  -0.113971;7.281762;-0.413227;,
  -0.113236;7.271714;-0.405452;,
  -0.115621;7.254182;-0.402737;,
  -0.132081;7.250818;-0.390827;,
  -0.146976;7.251253;-0.381777;,
  -0.159056;7.285029;-0.390892;,
  -0.168371;7.255588;-0.364932;,
  -0.182896;7.210803;-0.298307;,
  -0.194096;7.259328;-0.335762;,
  -0.163721;7.211914;-0.336147;,
  -0.242766;7.267568;-0.104992;,
  -0.284631;7.333743;-0.193692;,
  -0.244401;7.263482;-0.187382;,
  -0.234421;7.262083;-0.245012;,
  -0.268026;7.327538;-0.257397;,
  -0.217116;7.260342;-0.293317;,
  -0.243931;7.321139;-0.311232;,
  -0.212821;7.310729;-0.351957;,
  -0.179831;7.294603;-0.378172;,
  -0.224201;7.360208;-0.368247;,
  -0.260566;7.378443;-0.331317;,
  -0.295091;7.399374;-0.280197;,
  -0.314516;7.416448;-0.213017;,
  -0.297895;7.356798;-0.009062;,
  -0.323605;7.434789;-0.041104;,
  -0.328536;7.504024;-0.234377;,
  -0.301306;7.470869;-0.302722;,
  -0.265686;7.441738;-0.355502;,
  -0.223736;7.409959;-0.386907;,
  -0.183181;7.337379;-0.393782;,
  -0.177931;7.378458;-0.406272;,
  -0.286651;7.523950;-0.324762;,
  -0.250211;7.499864;-0.372957;,
  -0.175086;7.481634;-0.409797;,
  -0.207961;7.454494;-0.401832;,
  -0.141141;7.500809;-0.412757;,
  -0.137621;7.441749;-0.423072;,
  -0.162126;7.412813;-0.416857;,
  -0.304986;7.563124;-0.286922;,
  -0.271536;7.561310;-0.334662;,
  -0.243166;7.543364;-0.368337;,
  -0.199491;7.519254;-0.395397;,
  -0.155126;7.536603;-0.400422;,
  -0.116211;7.551858;-0.399072;,
  -0.106106;7.516663;-0.416362;,
  -0.282091;7.596969;-0.309992;,
  -0.307606;7.615763;-0.261317;,
  -0.288186;7.633893;-0.297902;,
  -0.290071;7.669952;-0.314697;,
  -0.325881;7.654638;-0.190992;,
  -0.329086;7.752888;-0.151027;,
  -0.315776;7.730107;-0.217032;,
  -0.305246;7.712017;-0.273807;,
  -0.306296;7.658162;-0.260262;,
  -0.290366;7.695498;-0.321402;,
  -0.334616;7.587850;-0.187802;,
  -0.347858;7.804026;0.028463;,
  -0.308676;7.892003;-0.155002;,
  -0.339051;7.777173;-0.083442;,
  -0.298556;7.841553;-0.224142;,
  -0.293766;7.797938;-0.275162;,
  -0.284821;7.754867;-0.315027;,
  -0.281266;7.713188;-0.350047;,
  -0.269661;7.682592;-0.357852;,
  -0.250561;7.774612;-0.363227;,
  -0.206036;7.728512;-0.421667;,
  -0.251016;7.729202;-0.385277;,
  -0.252226;7.823102;-0.333352;,
  -0.257681;7.891442;-0.286407;,
  -0.262841;7.964708;-0.213502;,
  -0.321336;7.933738;-0.061767;,
  -0.254811;8.030733;-0.128412;,
  -0.211486;7.999973;-0.255447;,
  -0.208081;7.917818;-0.340457;,
  -0.146181;7.922482;-0.367562;,
  -0.150571;8.024358;-0.287847;,
  -0.172701;8.089493;-0.160497;,
  -0.255763;8.042531;0.039732;,
  -0.200836;7.830354;-0.381912;,
  -0.139356;7.819662;-0.415472;,
  -0.078371;7.787978;-0.440552;,
  -0.087216;7.919628;-0.391252;,
  -0.092641;8.033748;-0.307787;,
  -0.108861;8.112369;-0.177132;,
  -0.175156;8.101829;0.036758;,
  -0.230910;7.999626;0.266725;,
  -0.034381;7.922002;-0.400957;,
  -0.041251;8.041753;-0.317317;,
  -0.045336;8.124838;-0.182082;,
  -0.087200;8.132194;0.032953;,
  -0.156890;8.049510;0.261867;,
  -0.111143;7.971308;0.363905;,
  -0.032341;7.779878;-0.443377;,
  0.000059;7.922002;-0.403907;,
  0.000059;7.779313;-0.444022;,
  0.000059;8.041518;-0.321147;,
  0.000059;8.128133;-0.185997;,
  0.000060;8.139383;0.030048;,
  0.000000;8.082598;0.268967;,
  -0.085428;8.072706;0.266601;,
  0.000000;7.977360;0.379319;,
  0.034499;7.922002;-0.400957;,
  0.032459;7.779878;-0.443377;,
  0.078489;7.787978;-0.440552;,
  0.208199;7.917818;-0.340457;,
  0.139474;7.819662;-0.415472;,
  0.146299;7.922482;-0.367562;,
  0.087334;7.919628;-0.391252;,
  0.041369;8.041753;-0.317317;,
  0.000059;8.128133;-0.185997;,
  0.045454;8.124838;-0.182082;,
  0.000060;8.139383;0.030048;,
  0.087320;8.132194;0.032953;,
  0.211604;7.999973;-0.255447;,
  0.150689;8.024358;-0.287847;,
  0.092759;8.033748;-0.307787;,
  0.108979;8.112369;-0.177132;,
  0.175275;8.101829;0.036758;,
  0.156890;8.049510;0.261867;,
  0.230910;7.999627;0.250773;,
  0.254930;8.030733;-0.128412;,
  0.172819;8.089493;-0.160497;,
  0.255825;8.042533;0.039468;,
  0.111144;7.971308;0.363904;,
  0.210971;7.914774;0.345560;,
  0.277571;7.840694;0.312773;,
  0.306078;7.900318;0.233182;,
  0.321936;7.938250;0.058426;,
  0.321455;7.933738;-0.061767;,
  0.262959;7.964708;-0.213502;,
  0.321497;7.694444;0.258202;,
  0.343411;7.769661;0.186483;,
  0.347859;7.804026;0.028463;,
  0.308794;7.892003;-0.155002;,
  0.257799;7.891442;-0.286407;,
  0.347921;7.676878;0.111210;,
  0.346792;7.658024;0.151968;,
  0.339169;7.777173;-0.083442;,
  0.298674;7.841553;-0.224142;,
  0.252344;7.823103;-0.333352;,
  0.200954;7.830353;-0.381912;,
  0.293884;7.797938;-0.275162;,
  0.329204;7.752888;-0.151027;,
  0.345193;7.671388;0.059715;,
  0.369937;7.687046;0.107422;,
  0.375828;7.672971;0.149453;,
  0.379057;7.637993;0.166956;,
  0.344204;7.607621;0.171132;,
  0.375501;7.580809;0.169988;,
  0.341782;7.594745;-0.010322;,
  0.335174;7.664251;-0.071105;,
  0.325999;7.654638;-0.190992;,
  0.315894;7.730108;-0.217032;,
  0.334734;7.587849;-0.187802;,
  0.339545;7.506384;-0.040474;,
  0.328654;7.504024;-0.234377;,
  0.323606;7.434789;-0.041104;,
  0.314634;7.416448;-0.213017;,
  0.305104;7.563124;-0.286922;,
  0.282209;7.596969;-0.309992;,
  0.307724;7.615763;-0.261317;,
  0.306414;7.658162;-0.260262;,
  0.305364;7.712018;-0.273807;,
  0.284939;7.754869;-0.315027;,
  0.250679;7.774613;-0.363227;,
  0.293884;7.797938;-0.275162;,
  0.252344;7.823103;-0.333352;,
  0.288304;7.633893;-0.297902;,
  0.290189;7.669952;-0.314697;,
  0.290484;7.695498;-0.321402;,
  0.281327;7.713188;-0.349783;,
  0.251074;7.729202;-0.385012;,
  0.245139;7.695478;-0.389637;,
  0.204739;7.697307;-0.418407;,
  0.161714;7.690949;-0.425587;,
  0.206093;7.728511;-0.421402;,
  0.204734;7.771183;-0.409382;,
  0.152194;7.712862;-0.438562;,
  0.116239;7.673022;-0.424852;,
  0.129999;7.662589;-0.410987;,
  0.099824;7.630967;-0.396652;,
  0.082154;7.648534;-0.417917;,
  0.079989;7.609039;-0.396042;,
  0.204079;7.686613;-0.406587;,
  0.164499;7.678748;-0.413277;,
  0.136299;7.654918;-0.408332;,
  0.110969;7.625782;-0.394882;,
  0.094314;7.600324;-0.391557;,
  0.080559;7.588713;-0.397872;,
  0.166634;7.670122;-0.406632;,
  0.139319;7.647438;-0.393792;,
  0.167299;7.663678;-0.392932;,
  0.203379;7.675912;-0.398697;,
  0.241974;7.683753;-0.384742;,
  0.269779;7.682593;-0.357852;,
  0.264559;7.671018;-0.356042;,
  0.238729;7.672032;-0.377422;,
  0.200234;7.667492;-0.391812;,
  0.168514;7.661612;-0.380152;,
  0.259549;7.662482;-0.354827;,
  0.234764;7.662526;-0.374107;,
  0.276609;7.654972;-0.328947;,
  0.281164;7.638867;-0.313577;,
  0.272159;7.614483;-0.322772;,
  0.263469;7.586824;-0.339582;,
  0.271654;7.561310;-0.334663;,
  0.271659;7.650558;-0.334802;,
  0.268319;7.622829;-0.328802;,
  0.273964;7.639218;-0.321022;,
  0.262434;7.646277;-0.336272;,
  0.252034;7.654118;-0.352482;,
  0.226779;7.661567;-0.360627;,
  0.200299;7.665902;-0.372712;,
  0.206224;7.667578;-0.335192;,
  0.245909;7.653763;-0.344247;,
  0.232549;7.655727;-0.312292;,
  0.171004;7.666352;-0.343032;,
  0.180584;7.627022;-0.275352;,
  0.252199;7.637668;-0.308697;,
  0.256534;7.645627;-0.331457;,
  0.267449;7.638588;-0.323137;,
  0.262484;7.625578;-0.328307;,
  0.218424;7.590889;-0.323662;,
  0.242874;7.609338;-0.310487;,
  0.256704;7.624947;-0.320927;,
  0.261444;7.637767;-0.318807;,
  0.250409;7.608578;-0.334572;,
  0.230934;7.589109;-0.353892;,
  0.185734;7.582868;-0.335762;,
  0.254664;7.608338;-0.342277;,
  0.234809;7.589543;-0.364412;,
  0.259279;7.601779;-0.344367;,
  0.239449;7.581648;-0.368397;,
  0.195864;7.579794;-0.364207;,
  0.199239;7.583558;-0.373987;,
  0.203544;7.578134;-0.386252;,
  0.240274;7.566970;-0.366557;,
  0.170009;7.583234;-0.391957;,
  0.169479;7.582914;-0.381117;,
  0.167059;7.581324;-0.370832;,
  0.132459;7.589189;-0.367952;,
  0.129194;7.585533;-0.357802;,
  0.117029;7.593334;-0.366637;,
  0.131114;7.589584;-0.378102;,
  0.111194;7.591683;-0.376042;,
  0.112879;7.597034;-0.371002;,
  0.113374;7.598249;-0.360252;,
  0.143129;7.586208;-0.342557;,
  0.119229;7.604339;-0.332567;,
  0.165279;7.573985;-0.399372;,
  0.132029;7.584029;-0.392377;,
  0.112554;7.587885;-0.389382;,
  0.103294;7.593553;-0.382347;,
  0.110024;7.603738;-0.371432;,
  0.109339;7.604848;-0.360542;,
  0.097009;7.592118;-0.392312;,
  0.102334;7.579269;-0.391387;,
  0.123249;7.572218;-0.393002;,
  0.162599;7.558769;-0.397372;,
  0.203784;7.547283;-0.390862;,
  0.204669;7.567818;-0.390522;,
  0.116329;7.551858;-0.399072;,
  0.085759;7.566174;-0.404542;,
  0.106224;7.516663;-0.416362;,
  0.141259;7.500810;-0.412757;,
  0.155244;7.536605;-0.400422;,
  0.175204;7.481634;-0.409797;,
  0.199609;7.519254;-0.395397;,
  0.243284;7.543364;-0.368337;,
  0.286769;7.523950;-0.324762;,
  0.301424;7.470869;-0.302722;,
  0.295209;7.399373;-0.280197;,
  0.268144;7.327538;-0.257397;,
  0.234539;7.262082;-0.245012;,
  0.284749;7.333743;-0.193692;,
  0.244519;7.263482;-0.187382;,
  0.242884;7.267568;-0.104992;,
  0.156819;7.175034;-0.101082;,
  0.182814;7.202138;-0.142972;,
  0.297895;7.356798;-0.009063;,
  0.327288;7.446597;0.023661;,
  0.347178;7.513131;0.011213;,
  0.339809;7.456497;0.030646;,
  0.353850;7.473199;0.038178;,
  0.349102;7.531795;0.044117;,
  0.351388;7.598808;0.035133;,
  0.364327;7.474614;0.064399;,
  0.360468;7.498178;0.065657;,
  0.351801;7.536511;0.073320;,
  0.355652;7.600184;0.062393;,
  0.380025;7.648996;0.068753;,
  0.366287;7.658573;0.060540;,
  0.389270;7.677321;0.104711;,
  0.366984;7.531555;0.101559;,
  0.370104;7.488094;0.086642;,
  0.362374;7.593825;0.095052;,
  0.376648;7.634538;0.103457;,
  0.391724;7.660878;0.115487;,
  0.394797;7.665630;0.140506;,
  0.395297;7.579820;0.161445;,
  0.390327;7.634052;0.146922;,
  0.394779;7.637073;0.159665;,
  0.355184;7.514141;0.135438;,
  0.326983;7.532873;0.151120;,
  0.292440;7.554639;0.247998;,
  0.259235;7.452700;0.213733;,
  0.206532;7.602598;0.386535;,
  0.000000;7.362284;0.302678;,
  0.080289;7.478554;0.388697;,
  0.000000;7.478536;0.397656;,
  0.094359;7.631226;0.444859;,
  0.103026;7.808951;0.441616;,
  0.228631;7.769744;0.388828;,
  0.000000;7.977360;0.379319;,
  0.000000;7.822816;0.454231;,
  0.000000;7.635816;0.446860;,
  0.000000;8.082598;0.268967;,
  0.085428;8.072706;0.266601;,
  -0.052310;7.082378;0.144063;,
  -0.129585;7.026209;0.133387;,
  -0.063860;7.032449;0.161293;,
  0.000060;6.986394;0.192032;,
  0.000060;7.035043;0.169238;,
  0.000060;7.083018;0.151928;,
  0.000060;7.131223;0.142833;,
  -0.048370;7.132208;0.135783;,
  0.000060;7.202654;0.139908;,
  -0.050095;7.202928;0.137548;,
  0.000000;7.279337;0.185066;,
  -0.057504;7.278058;0.180577;,
  -0.069504;7.359689;0.293614;,
  0.000000;7.362284;0.302678;,
  -0.179126;7.264948;0.028838;,
  -0.111440;7.200034;0.101888;,
  -0.130005;7.274969;0.117568;,
  -0.109285;7.128208;0.104258;,
  -0.124075;7.073489;0.112468;,
  -0.162222;7.013254;0.107723;,
  -0.209559;6.952402;0.133909;,
  -0.154875;7.356771;0.237581;,
  -0.217289;7.353270;0.113825;,
  -0.256586;7.340356;0.048229;,
  -0.080288;7.478554;0.388697;,
  -0.179167;7.468340;0.336141;,
  -0.259234;7.452700;0.213733;,
  -0.302306;7.465041;0.098878;,
  -0.327288;7.446597;0.023662;,
  -0.335809;7.449130;0.070839;,
  -0.206532;7.602598;0.386536;,
  -0.094358;7.631226;0.444859;,
  -0.103026;7.808950;0.441616;,
  -0.210970;7.914774;0.345560;,
  -0.228630;7.769744;0.388828;,
  -0.292439;7.554639;0.247998;,
  -0.326983;7.532873;0.151120;,
  -0.346947;7.473497;0.101631;,
  -0.321936;7.938250;0.058427;,
  -0.306078;7.900318;0.233182;,
  -0.277570;7.840694;0.312773;,
  -0.321496;7.694444;0.258202;,
  -0.344203;7.607621;0.171133;,
  -0.343411;7.769661;0.186483;,
  -0.341782;7.594745;-0.010322;,
  -0.335174;7.664251;-0.073727;,
  -0.345193;7.671388;0.059715;,
  -0.347921;7.676878;0.111210;,
  -0.346792;7.658024;0.151968;,
  -0.369937;7.687046;0.107423;,
  -0.366286;7.658573;0.060540;,
  -0.351387;7.598808;0.035134;,
  -0.389270;7.677321;0.104712;,
  -0.375828;7.672971;0.149453;,
  -0.379057;7.637993;0.166956;,
  -0.375501;7.580809;0.169988;,
  -0.355183;7.514141;0.135438;,
  -0.394797;7.665630;0.140506;,
  -0.394779;7.637073;0.159666;,
  -0.349102;7.531795;0.044118;,
  -0.355651;7.600184;0.062394;,
  -0.380025;7.648996;0.068754;,
  -0.391724;7.660878;0.115487;,
  -0.390326;7.634052;0.146923;,
  -0.395296;7.579820;0.161446;,
  -0.389453;7.581753;0.143938;,
  -0.383703;7.620598;0.130336;,
  -0.390701;7.583426;0.119920;,
  -0.362373;7.593825;0.095052;,
  -0.376648;7.634538;0.103457;,
  -0.371572;7.515594;0.125617;,
  -0.373056;7.523718;0.114577;,
  -0.366984;7.531555;0.101560;,
  -0.351801;7.536511;0.073320;,
  -0.364343;7.478096;0.094781;,
  -0.370104;7.488094;0.086643;,
  -0.360468;7.498178;0.065658;,
  -0.360141;7.458395;0.067004;,
  -0.364327;7.474614;0.064400;,
  -0.353850;7.473199;0.038179;,
  -0.347178;7.513131;0.011213;,
  -0.339809;7.456497;0.030646;,
  -0.339545;7.506384;-0.040473;,
  -0.253482;7.867487;0.324632;,
  -0.258217;7.951681;0.352626;,
  -0.210970;7.914774;0.345560;,
  -0.297715;7.899550;0.329663;,
  -0.287380;7.992682;0.048653;,
  -0.279402;8.080260;0.043798;,
  -0.255575;8.040342;0.008814;,
  -0.315949;8.028082;0.080825;,
  -0.271656;7.998993;0.079740;,
  -0.267795;8.086694;0.101171;,
  -0.236055;8.044680;0.077833;,
  -0.312473;8.040746;0.102357;,
  -0.226908;8.063668;0.038665;,
  -0.206026;8.140697;0.060096;,
  -0.175156;8.101829;0.036758;,
  -0.255936;8.103892;0.061282;,
  -0.166961;8.072498;-0.193515;,
  -0.110704;8.144078;-0.183482;,
  -0.103586;8.087961;-0.217895;,
  -0.173095;8.133613;-0.182296;,
  -0.100622;8.119289;-0.097937;,
