xof 0303txt 0032
template ColorRGBA {
 <35ff44e0-6c7c-11cf-8f52-0040333594a3>
 FLOAT red;
 FLOAT green;
 FLOAT blue;
 FLOAT alpha;
}

template ColorRGB {
 <d3e16e81-7835-11cf-8f52-0040333594a3>
 FLOAT red;
 FLOAT green;
 FLOAT blue;
}

template Material {
 <3d82ab4d-62da-11cf-ab39-0020af71e433>
 ColorRGBA faceColor;
 FLOAT power;
 ColorRGB specularColor;
 ColorRGB emissiveColor;
 [...]
}

template TextureFilename {
 <a42790e1-7810-11cf-8f52-0040333594a3>
 STRING filename;
}

template Frame {
 <3d82ab46-62da-11cf-ab39-0020af71e433>
 [...]
}

template Matrix4x4 {
 <f6f23f45-7686-11cf-8f52-0040333594a3>
 array FLOAT matrix[16];
}

template FrameTransformMatrix {
 <f6f23f41-7686-11cf-8f52-0040333594a3>
 Matrix4x4 frameMatrix;
}

template Vector {
 <3d82ab5e-62da-11cf-ab39-0020af71e433>
 FLOAT x;
 FLOAT y;
 FLOAT z;
}

template MeshFace {
 <3d82ab5f-62da-11cf-ab39-0020af71e433>
 DWORD nFaceVertexIndices;
 array DWORD faceVertexIndices[nFaceVertexIndices];
}

template Mesh {
 <3d82ab44-62da-11cf-ab39-0020af71e433>
 DWORD nVertices;
 array Vector vertices[nVertices];
 DWORD nFaces;
 array MeshFace faces[nFaces];
 [...]
}

template MeshNormals {
 <f6f23f43-7686-11cf-8f52-0040333594a3>
 DWORD nNormals;
 array Vector normals[nNormals];
 DWORD nFaceNormals;
 array MeshFace faceNormals[nFaceNormals];
}

template MeshMaterialList {
 <f6f23f42-7686-11cf-8f52-0040333594a3>
 DWORD nMaterials;
 DWORD nFaceIndexes;
 array DWORD faceIndexes[nFaceIndexes];
 [Material <3d82ab4d-62da-11cf-ab39-0020af71e433>]
}

template Coords2d {
 <f6f23f44-7686-11cf-8f52-0040333594a3>
 FLOAT u;
 FLOAT v;
}

template MeshTextureCoords {
 <f6f23f40-7686-11cf-8f52-0040333594a3>
 DWORD nTextureCoords;
 array Coords2d textureCoords[nTextureCoords];
}

template XSkinMeshHeader {
 <3cf169ce-ff7c-44ab-93c0-f78f62d172e2>
 WORD nMaxSkinWeightsPerVertex;
 WORD nMaxSkinWeightsPerFace;
 WORD nBones;
}

template SkinWeights {
 <6f0d123b-bad2-4167-a0d0-80224f25fabb>
 STRING transformNodeName;
 DWORD nWeights;
 array DWORD vertexIndices[nWeights];
 array FLOAT weights[nWeights];
 Matrix4x4 matrixOffset;
}

template AnimTicksPerSecond {
 <9e415a43-7ba6-4a73-8743-b73d47e88476>
 DWORD AnimTicksPerSecond;
}

template Animation {
 <3d82ab4f-62da-11cf-ab39-0020af71e433>
 [...]
}

template AnimationSet {
 <3d82ab50-62da-11cf-ab39-0020af71e433>
 [Animation <3d82ab4f-62da-11cf-ab39-0020af71e433>]
}

template FloatKeys {
 <10dd46a9-775b-11cf-8f52-0040333594a3>
 DWORD nValues;
 array FLOAT values[nValues];
}

template TimedFloatKeys {
 <f406b180-7b3b-11cf-8f52-0040333594a3>
 DWORD time;
 FloatKeys tfkeys;
}

template AnimationKey {
 <10dd46a8-775b-11cf-8f52-0040333594a3>
 DWORD keyType;
 DWORD nKeys;
 array TimedFloatKeys keys[nKeys];
}


Material Alice_Asylum_Skin_XTX_Mat_INST {
 1.000000;1.000000;1.000000;1.000000;;
 10.000000;
 0.000000;0.000000;0.000000;;
 0.000000;0.000000;0.000000;;

 TextureFilename {
  "Alice_Asylum_Skin_DM.tga";
 }
}

Material Alice_Asylum_Clothes_ATX_Mat_INST {
 1.000000;1.000000;1.000000;1.000000;;
 10.000000;
 0.000000;0.000000;0.000000;;
 0.000000;0.000000;0.000000;;

 TextureFilename {
  "Alice_Asylum_Clothes_DM.tga";
 }
}

Frame Root {
 

 FrameTransformMatrix {
  1.000000,0.000000,0.000000,0.000000,0.000000,1.000000,0.000000,0.000000,0.000000,0.000000,1.000000,0.000000,0.000000,0.000000,0.000000,1.000000;;
 }

 Frame RefBox {
  

  FrameTransformMatrix {
   1.000000,0.000000,0.000000,0.000000,0.000000,1.000000,0.000000,0.000000,0.000000,0.000000,1.000000,0.000000,0.000000,0.000000,0.000004,1.000000;;
  }
 }

 Frame Refbox_Align {
  

  FrameTransformMatrix {
   1.000000,0.000000,0.000000,0.000000,0.000000,1.000000,0.000000,0.000000,0.000000,0.000000,1.000000,0.000000,0.002974,0.000000,0.000004,1.000000;;
  }
 }

 Frame Bip01 {
  

  FrameTransformMatrix {
   -0.002920,-0.297233,-0.954801,0.000000,-0.039629,0.954089,-0.296890,0.000000,0.999210,0.036971,-0.014565,0.000000,0.000000,88.195648,0.000000,1.000000;;
  }

  Frame Bip01-Pelvis {
   

   FrameTransformMatrix {
    0.000000,1.000000,-0.000002,0.000000,-0.000001,0.000002,1.000000,0.000000,1.000000,-0.000000,0.000001,0.000000,0.000000,0.000000,0.000000,1.000000;;
   }

   Frame Bip01-Spine {
    

    FrameTransformMatrix {
     0.986123,-0.122052,0.112540,0.000000,0.124353,0.992145,-0.013634,0.000000,-0.109992,0.027439,0.993554,0.000000,19.995125,0.000021,1.358448,1.000000;;
    }

    Frame Bip01-Spine1 {
     

     FrameTransformMatrix {
      0.993154,-0.100199,-0.060049,0.000000,0.098915,0.994807,-0.024000,0.000000,0.062142,0.017896,0.997907,0.000000,6.797027,0.000000,-0.005096,1.000000;;
     }

     Frame Bip01-Spine2 {
      

      FrameTransformMatrix {
       0.971536,-0.100880,-0.214341,0.000000,0.101522,0.994801,-0.008040,0.000000,0.214038,-0.013949,0.976726,0.000000,6.497650,0.000004,-0.011269,1.000000;;
      }

      Frame Bip01-Neck {
       

       FrameTransformMatrix {
        0.712977,-0.201722,0.671544,0.000000,0.158118,0.979310,0.126297,0.000000,-0.683127,0.016136,0.730121,0.000000,18.515869,0.000011,1.192058,1.000000;;
       }

       Frame Bip01-Head {
        

        FrameTransformMatrix {
         0.941922,0.151159,0.299889,0.000000,-0.146583,0.988474,-0.037840,0.000000,-0.302152,-0.008317,0.953223,0.000000,4.646790,-0.000278,-0.347504,1.000000;;
        }

        Frame Face_Root {
         

         FrameTransformMatrix {
          0.996093,-0.000000,-0.088312,0.000000,-0.000001,1.000000,-0.000009,0.000000,0.088312,0.000009,0.996093,0.000000,-0.000481,0.000008,0.000000,1.000000;;
         }

         Frame Face_Eye_Left {
          

          FrameTransformMatrix {
           -0.099649,0.073521,0.992303,0.000000,0.723964,-0.678785,0.122994,0.000000,0.682602,0.730648,0.014414,0.000000,9.115837,3.429630,6.630058,1.000000;;
          }
         }

         Frame Face_Eye_Right {
          

          FrameTransformMatrix {
           0.070109,-0.079233,0.994388,0.000000,0.731842,-0.673299,-0.105247,0.000000,0.677859,0.735113,0.010782,0.000000,9.115830,-3.429722,6.630020,1.000000;;
          }
         }

         Frame Face_Eyebrow_L_Mid {
          

          FrameTransformMatrix {
           0.163497,-0.203852,-0.965253,0.000000,-0.249377,-0.955183,0.159485,0.000000,-0.954505,0.214637,-0.207005,0.000000,11.484917,3.551617,9.363235,1.000000;;
          }
         }

         Frame Face_Eyebrow_R_In {
          

          FrameTransformMatrix {
           0.165024,0.204051,-0.964951,0.000000,0.490956,-0.865534,-0.099066,0.000000,-0.855412,-0.457400,-0.243014,0.000000,10.386886,-1.236530,9.665611,1.000000;;
          }
         }

         Frame Face_Jaw {
          

          FrameTransformMatrix {
           -0.310012,-0.000003,0.950733,0.000000,-0.000008,1.000000,0.000001,0.000000,-0.950733,-0.000008,-0.310012,0.000000,4.746490,-0.000050,0.870812,1.000000;;
          }

          Frame Face_Lip_Lower_C {
           

           FrameTransformMatrix {
            0.911423,-0.000793,-0.411471,0.000000,0.000759,1.000000,-0.000245,0.000000,0.411471,-0.000089,0.911423,0.000000,9.065910,-0.000019,0.423080,1.000000;;
           }
          }

          Frame Face_Lip_Lower_L {
           

           FrameTransformMatrix {
            -0.425103,0.898803,-0.106964,0.000000,0.889172,0.392571,-0.235078,0.000000,-0.169297,-0.195042,-0.966073,0.000000,9.005654,1.249970,0.280003,1.000000;;
           }
          }

          Frame Face_Lip_Lower_R {
           

           FrameTransformMatrix {
            -0.425102,-0.898803,-0.106959,0.000000,-0.889173,0.392574,0.235070,0.000000,-0.169293,0.195034,-0.966076,0.000000,9.005669,-1.249962,0.280045,1.000000;;
           }
          }

          Frame Face_Tongue {
           

           FrameTransformMatrix {
            0.950733,-0.000008,-0.310012,0.000000,0.000008,1.000000,0.000000,0.000000,0.310012,-0.000003,0.950733,0.000000,5.483543,-0.000004,1.104858,1.000000;;
           }

           Frame Face_Tongue01 {
            

            FrameTransformMatrix {
             1.000000,-0.000003,0.000000,0.000000,0.000003,1.000000,0.000004,0.000000,-0.000000,-0.000004,1.000000,0.000000,1.885918,0.000008,0.000000,1.000000;;
            }
           }
          }
         }

         Frame Face_Upper {
          

          FrameTransformMatrix {
           0.178592,0.000000,0.983923,0.000000,-0.000008,1.000000,0.000001,0.000000,-0.983923,-0.000008,0.178592,0.000000,2.199432,-0.000072,5.118515,1.000000;;
          }

          Frame Face_Lip_Upper_L {
           

           FrameTransformMatrix {
            -0.565252,0.760513,0.319548,0.000000,0.010981,0.394272,-0.918928,0.000000,-0.824845,-0.515917,-0.231214,0.000000,4.358559,1.302391,0.268883,1.000000;;
           }
          }

          Frame Face_Lip_Upper_R {
           

           FrameTransformMatrix {
            -0.565251,-0.760511,0.319552,0.000000,-0.010986,0.394280,0.918925,0.000000,-0.824846,0.515913,-0.231222,0.000000,4.358543,-1.302399,0.268898,1.000000;;
           }
          }

          Frame Face_Lip_Upper_C {
           

           FrameTransformMatrix {
            0.383127,0.000003,0.923696,0.000000,-0.000003,1.000000,-0.000002,0.000000,-0.923696,-0.000002,0.383127,0.000000,4.878212,-0.000378,0.027298,1.000000;;
           }
          }
         }

         Frame Face_Eyebrow_R_Mid {
          

          FrameTransformMatrix {
           0.163495,0.203874,-0.965249,0.000000,0.249377,-0.955180,-0.159507,0.000000,-0.954505,-0.214632,-0.207009,0.000000,11.484955,-3.551739,9.363159,1.000000;;
          }
         }

         Frame Face_Cheek_Low_L {
          

          FrameTransformMatrix {
           -0.318337,-0.565071,0.761155,0.000000,-0.135632,0.821814,0.553377,0.000000,-0.938225,0.072923,-0.338255,0.000000,3.202065,5.273914,6.076019,1.000000;;
          }
         }

         Frame Face_Cheek_Low_R {
          

          FrameTransformMatrix {
           -0.318336,0.565060,0.761163,0.000000,0.135627,0.821821,-0.553368,0.000000,-0.938226,-0.072923,-0.338252,0.000000,3.202057,-5.273998,6.075958,1.000000;;
          }
         }

         Frame Face_Cheek_Up_L {
          

          FrameTransformMatrix {
           -0.315927,-0.797842,0.513457,0.000000,0.948066,-0.286504,0.138152,0.000000,0.036884,0.530438,0.846921,0.000000,6.853958,5.469914,7.407364,1.000000;;
          }
         }

         Frame Face_Cheek_Up_R {
          

          FrameTransformMatrix {
           -0.315927,0.797835,0.513468,0.000000,-0.948066,-0.286505,-0.138151,0.000000,0.036889,-0.530447,0.846915,0.000000,6.853943,-5.470013,7.407295,1.000000;;
          }
         }

         Frame Face_Eyebrow_L_In {
          

          FrameTransformMatrix {
           0.165024,-0.204039,-0.964954,0.000000,-0.490960,-0.865533,0.099054,0.000000,-0.855410,0.457407,-0.243009,0.000000,10.386894,1.236393,9.665642,1.000000;;
          }
         }

         Frame Face_Eyebrow_L_Out {
          

          FrameTransformMatrix {
           0.351609,-0.600423,0.718237,0.000000,0.000509,0.767349,0.641230,0.000000,-0.936147,-0.225096,0.270112,0.000000,10.959381,5.767086,6.831947,1.000000;;
          }
         }

         Frame Face_Eyebrow_R_Out {
          

          FrameTransformMatrix {
           0.351609,0.600413,0.718245,0.000000,-0.000514,0.767358,-0.641218,0.000000,-0.936147,0.225089,0.270119,0.000000,10.959419,-5.767162,6.831826,1.000000;;
          }
         }

         Frame Face_LowerLids {
          

          FrameTransformMatrix {
           -0.240835,-0.000005,0.970566,0.000000,-0.000006,1.000000,0.000004,0.000000,-0.970566,-0.000005,-0.240835,0.000000,9.033760,-0.000080,6.619720,1.000000;;
          }

          Frame Face_LowerLid_L_Out {
           

           FrameTransformMatrix {
            0.988451,-0.000006,-0.151540,0.000000,0.000006,1.000000,-0.000003,0.000000,0.151540,0.000002,0.988451,0.000000,1.241234,4.772205,0.380417,1.000000;;
           }
          }

          Frame Face_LowerLid_L_In {
           

           FrameTransformMatrix {
            0.988451,-0.000006,-0.151540,0.000000,0.000006,1.000000,-0.000003,0.000000,0.151540,0.000002,0.988451,0.000000,1.961929,2.966557,0.554794,1.000000;;
           }
          }

          Frame Face_LowerLid_R_In {
           

           FrameTransformMatrix {
            0.988451,-0.000006,-0.151540,0.000000,0.000006,1.000000,-0.000003,0.000000,0.151540,0.000002,0.988451,0.000000,1.962074,-2.983482,0.554932,1.000000;;
           }
          }

          Frame Face_LowerLid_R_Out {
           

           FrameTransformMatrix {
            0.988451,-0.000006,-0.151540,0.000000,0.000006,1.000000,-0.000003,0.000000,0.151540,0.000002,0.988451,0.000000,1.240631,-4.780510,0.380341,1.000000;;
           }
          }
         }

         Frame Face_UpperLids {
          

          FrameTransformMatrix {
           0.402251,-0.000005,0.915530,0.000000,-0.000007,1.000000,0.000008,0.000000,-0.915530,-0.000010,0.402251,0.000000,9.033302,-0.000088,6.617035,1.000000;;
          }

          Frame Face_UpperLid_R_Out {
           

           FrameTransformMatrix {
            0.876429,-0.000002,0.481530,0.000000,0.000003,1.000000,-0.000001,0.000000,-0.481530,0.000002,0.876429,0.000000,0.830364,-5.043499,-0.211815,1.000000;;
           }
          }

          Frame Face_UpperLid_R_In {
           

           FrameTransformMatrix {
            0.876429,-0.000002,0.481530,0.000000,0.000003,1.000000,-0.000001,0.000000,-0.481530,0.000002,0.876429,0.000000,1.749416,-2.979820,0.184425,1.000000;;
           }
          }

          Frame Face_UpperLid_L_Out {
           

           FrameTransformMatrix {
            0.876429,-0.000002,0.481530,0.000000,0.000003,1.000000,-0.000001,0.000000,-0.481530,0.000002,0.876429,0.000000,0.830738,5.036343,-0.209518,1.000000;;
           }
          }

          Frame Face_UpperLid_L_In {
           

           FrameTransformMatrix {
            0.876429,-0.000002,0.481530,0.000000,0.000003,1.000000,-0.000001,0.000000,-0.481530,0.000002,0.876429,0.000000,1.703480,3.052742,0.164719,1.000000;;
           }
          }
         }

         Frame Face_nose_L {
          

          FrameTransformMatrix {
           0.051412,0.348747,0.935806,0.000000,0.147864,0.924059,-0.352493,0.000000,-0.987670,0.156494,-0.004059,0.000000,5.098839,0.795830,9.835090,1.000000;;
          }
         }

         Frame Face_nose_R {
          

          FrameTransformMatrix {
           0.051412,-0.348759,0.935801,0.000000,-0.147870,0.924054,0.352505,0.000000,-0.987670,-0.156499,-0.004063,0.000000,5.098846,-0.795959,9.835083,1.000000;;
          }
         }

         Frame Face_Corner_R {
          

          FrameTransformMatrix {
           -0.172905,-0.631510,0.755843,0.000000,-0.505542,0.715505,0.482162,0.000000,-0.845300,-0.298742,-0.442969,0.000000,2.024796,-2.141209,8.389183,1.000000;;
          }
         }

         Frame Face_Corner_L {
          

          FrameTransformMatrix {
           -0.172905,0.631502,0.755850,0.000000,0.505537,0.715513,-0.482155,0.000000,-0.845303,0.298743,-0.442963,0.000000,2.024796,2.141247,8.389160,1.000000;;
          }
         }
        }
       }
      }

      Frame Bip01-Back_point {
       

       FrameTransformMatrix {
        0.416376,-0.041226,-0.908257,0.000000,-0.731279,0.578405,-0.361497,0.000000,0.540243,0.814708,0.210686,0.000000,16.976302,-5.154320,-8.075616,1.000000;;
       }
      }

      Frame Bip01-L-Clavicle {
       

       FrameTransformMatrix {
        -0.010457,0.997465,-0.070386,0.000000,0.999945,0.010376,-0.001523,0.000000,-0.000789,-0.070398,-0.997518,0.000000,14.871040,3.159771,-0.106471,1.000000;;
       }

       Frame Bip01-LUpArmTwist {
        

        FrameTransformMatrix {
         -0.119022,-0.928577,-0.351537,0.000000,0.562906,0.228549,-0.794293,0.000000,0.817906,-0.292421,0.495500,0.000000,7.073970,0.000000,0.000004,1.000000;;
        }

        Frame Bip01-LUpArmTwist1 {
         

         FrameTransformMatrix {
          1.000000,0.000000,-0.000000,0.000000,0.000000,0.925395,-0.379004,0.000000,0.000000,0.379004,0.925395,0.000000,12.739754,0.000000,-0.000004,1.000000;;
         }
        }
       }
      }

      Frame Bip01-R-Clavicle {
       

       FrameTransformMatrix {
        0.038448,-0.992675,-0.114533,0.000000,-0.999260,-0.038285,-0.003622,0.000000,-0.000789,0.114588,-0.993413,0.000000,14.871032,-3.159775,-0.106459,1.000000;;
       }

       Frame Bip01-RUpArmTwist {
        

        FrameTransformMatrix {
         0.016406,0.923501,-0.383245,0.000000,-0.475022,0.344477,0.809747,0.000000,0.879821,0.168766,0.444335,0.000000,7.073963,0.000000,-0.000003,1.000000;;
        }

        Frame Bip01-RUpArmTwist1 {
         

         FrameTransformMatrix {
          1.000000,-0.000000,0.000000,0.000000,0.000000,0.996043,0.088873,0.000000,0.000000,-0.088873,0.996043,0.000000,12.739762,0.000002,-0.000004,1.000000;;
         }
        }
       }
      }
     }
    }
   }

   Frame Bip01-L-Thigh {
    

    FrameTransformMatrix {
     -0.818899,0.023224,0.573467,0.000000,0.011175,-0.998346,0.056390,0.000000,0.573829,0.052586,0.817286,0.000000,-0.000008,6.795357,0.000011,1.000000;;
    }

    Frame Bip01-L-Calf {
     

     FrameTransformMatrix {
      0.412106,-0.000000,-0.911136,0.000000,-0.000000,1.000000,-0.000000,0.000000,0.911136,0.000000,0.412105,0.000000,39.882608,0.000000,-0.000002,1.000000;;
     }

     Frame Bip01-L-Foot {
      

      FrameTransformMatrix {
       0.999751,-0.020368,0.009079,0.000000,0.017839,0.974777,0.222466,0.000000,-0.013381,-0.222248,0.974898,0.000000,39.062547,-0.000001,-0.000004,1.000000;;
      }

      Frame Bip01-L-Toe0 {
       

       FrameTransformMatrix {
        -0.195350,-0.156851,0.968110,0.000000,-0.225972,0.967766,0.111197,0.000000,-0.954345,-0.197043,-0.224497,0.000000,9.201273,-0.076571,9.662001,1.000000;;
       }
      }
     }
    }
   }

   Frame Bip01-R-Thigh {
    

    FrameTransformMatrix {
     -0.955233,-0.147514,0.256458,0.000000,0.085043,-0.967154,-0.239542,0.000000,0.283370,-0.207009,0.936402,0.000000,0.000008,-6.795357,-0.000008,1.000000;;
    }

    Frame Bip01-R-Calf {
     

     FrameTransformMatrix {
      0.880229,-0.000000,-0.474549,0.000000,0.000000,1.000000,-0.000000,0.000000,0.474549,-0.000000,0.880229,0.000000,39.882598,0.000002,-0.000000,1.000000;;
     }

     Frame Bip01-R-Foot {
      

      FrameTransformMatrix {
       0.917218,-0.080514,0.390164,0.000000,0.005490,0.981826,0.189702,0.000000,-0.398347,-0.171856,0.900991,0.000000,39.062531,-0.000002,-0.000008,1.000000;;
      }

      Frame Bip01-R-Toe0 {
       

       FrameTransformMatrix {
        -0.171513,0.011144,0.985119,0.000000,-0.095102,0.995079,-0.027814,0.000000,-0.980581,-0.098458,-0.169610,0.000000,9.201271,0.076570,9.661995,1.000000;;
       }
      }
     }
    }
   }
  }
 }
}

Frame SK_Alice_Asylum {
 

 FrameTransformMatrix {
  1.000000,0.000000,0.000000,0.000000,0.000000,1.000000,0.000000,0.000000,0.000000,0.000000,1.000000,0.000000,0.000000,0.000000,0.000000,1.000000;;
 }

 Mesh SK_Alice_Asylum {
  4974;
  -1.964818;145.455373;-8.241440;,
  -1.720919;145.447872;-8.350739;,
  -1.856317;145.426854;-8.236138;,
  -1.261619;145.526874;-8.728641;,
  -1.545419;145.574579;-8.662442;,
  -1.303720;145.621658;-8.835541;,
  -1.486919;145.492365;-8.526242;,
  -1.486919;145.492365;-8.526242;,
  -1.801618;145.512269;-8.408139;,
  -2.067418;145.484774;-8.234338;,
  -1.958417;145.429747;-8.208639;,
  -1.964818;145.455373;-8.241440;,
  -2.063817;145.435968;-8.203138;,
  -1.910917;145.404173;-8.263840;,
  -1.957517;145.339046;-8.265838;,
  -2.167217;145.435277;-8.168938;,
  -1.816117;145.438157;-8.259837;,
  -1.817116;144.742246;-8.338040;,
  -2.017016;145.260058;-8.234039;,
  -1.718116;145.096371;-8.491241;,
  -1.672917;145.268672;-8.535540;,
  -1.628217;145.411251;-8.507939;,
  -1.500016;145.480563;-8.423538;,
  -1.102716;145.570957;-8.683141;,
  -1.184916;145.441050;-8.942340;,
  -0.799816;145.445056;-9.127838;,
  -0.813416;145.086758;-9.191739;,
  -1.265616;145.168666;-8.997640;,
  -1.268016;144.908570;-8.888039;,
  -0.385016;144.719142;-9.135241;,
  -0.808516;144.767552;-9.065440;,
  -0.373516;145.055258;-9.259641;,
  -2.424117;144.310362;-7.642338;,
  -2.210515;143.419443;-7.404739;,
  -2.894816;144.268070;-7.165041;,
  -1.821916;143.797850;-7.963941;,
  -2.069417;144.492864;-8.028238;,
  -1.448916;144.214464;-8.269140;,
  -1.279316;144.584154;-8.577638;,
  0.001184;144.741837;-9.143439;,
  0.001184;145.059251;-9.273440;,
  0.001184;144.523046;-8.824541;,
  -0.355016;144.516429;-8.813041;,
  -0.811316;144.507251;-8.746340;,
  -0.867215;144.114458;-8.403042;,
  -1.098515;143.524160;-8.206941;,
  -1.463816;142.877850;-8.082940;,
  -0.794615;142.109850;-7.963642;,
  -1.625115;142.481946;-7.648942;,
  -0.745515;142.623552;-8.343141;,
  -0.577315;143.431552;-8.426339;,
  -0.382916;144.103565;-8.453942;,
  0.001184;144.091955;-8.486842;,
  0.001185;142.547763;-8.425341;,
  0.001185;143.404557;-8.479842;,
  0.385284;144.103565;-8.453942;,
  0.579685;143.431552;-8.426340;,
  0.747885;142.623552;-8.343142;,
  1.100885;143.524160;-8.206942;,
  0.869584;144.114458;-8.403042;,
  1.451284;144.214464;-8.269142;,
  2.071785;144.492864;-8.028242;,
  1.824285;143.797850;-7.963943;,
  1.466185;142.877850;-8.082942;,
  0.796985;142.109850;-7.963643;,
  0.001185;142.007360;-8.112242;,
  -0.812215;141.842752;-7.458242;,
  2.643986;145.016358;-7.816543;,
  2.426486;144.310362;-7.642343;,
  2.212886;143.419443;-7.404743;,
  1.627485;142.481946;-7.648944;,
  0.814585;141.842752;-7.458243;,
  0.001185;141.717363;-7.570945;,
  0.001186;141.615155;-6.892444;,
  0.894786;141.748160;-6.777843;,
  1.716186;142.336858;-7.079345;,
  2.446486;143.197568;-6.942445;,
  0.001186;141.679155;-6.097842;,
  0.940586;141.839040;-5.914844;,
  1.849286;142.279757;-6.309944;,
  2.618486;143.091955;-6.450244;,
  3.276786;144.238246;-6.722946;,
  2.897186;144.268070;-7.165045;,
  3.660286;144.216051;-5.966146;,
  2.827587;143.049562;-5.654145;,
  1.828786;142.301555;-5.425644;,
  2.813287;142.975155;-4.793745;,
  3.892287;144.108160;-5.030946;,
  4.344686;145.206848;-5.866346;,
  3.884286;145.186560;-6.715246;,
  3.369786;145.111757;-7.298643;,
  4.880986;146.422758;-6.224648;,
  4.258786;146.214554;-7.039146;,
  3.884286;145.186560;-6.715246;,
  5.213686;147.568845;-6.626346;,
  2.941886;145.025050;-7.635545;,
  3.183486;145.700557;-7.817846;,
  3.598986;145.892070;-7.563445;,
  4.486386;147.204160;-7.364946;,
  5.316087;148.834765;-7.110048;,
  2.827586;145.589670;-7.977546;,
  3.164485;146.409075;-8.116045;,
  3.665986;146.747558;-7.875646;,
  4.477086;148.199194;-7.738145;,
  4.161586;149.089869;-8.036645;,
  5.006588;149.997274;-7.459147;,
  3.244885;148.256282;-8.337145;,
  3.560986;147.569165;-8.125446;,
  2.840885;147.071872;-8.378144;,
  2.528585;146.755674;-8.489346;,
  2.787685;146.117568;-8.228145;,
  2.530685;145.504973;-8.077243;,
  2.546986;145.916979;-8.278745;,
  2.276485;146.417856;-8.568546;,
  2.086785;147.218867;-8.710943;,
  2.433785;147.713664;-8.563544;,
  2.754786;148.834982;-8.461444;,
  1.955685;145.767258;-8.580344;,
  2.281786;145.635264;-8.264545;,
  2.194586;145.561574;-8.239644;,
  1.986385;145.872858;-8.611845;,
  1.728085;146.064666;-8.845446;,
  1.900885;146.676557;-8.781745;,
  1.550185;147.614362;-8.815646;,
  1.881685;148.198362;-8.667344;,
  0.748585;146.577574;-9.433045;,
  1.184685;146.308173;-9.307345;,
  0.801785;146.471066;-9.506642;,
  1.156285;146.427763;-9.250743;,
  0.629485;146.993664;-9.324242;,
  1.108785;146.998963;-9.116545;,
  1.531785;146.878950;-8.951446;,
  1.463985;146.241459;-9.061046;,
  1.452085;146.147750;-9.062744;,
  1.087285;145.904090;-9.198343;,
  1.372185;145.792448;-8.991743;,
  1.017285;145.694669;-9.066242;,
  1.306085;145.621658;-8.835542;,
  0.978085;145.581965;-8.914842;,
  1.263985;145.526874;-8.728643;,
  0.737685;145.688870;-9.189139;,
  0.362284;145.642970;-9.283740;,
  0.775385;145.985293;-9.383042;,
  0.688985;145.568384;-8.984942;,
  0.364384;145.513971;-9.077341;,
  0.001185;145.483059;-9.111342;,
  0.001184;145.596288;-9.318139;,
  0.367284;145.982592;-9.559243;,
  0.001184;145.955494;-9.614043;,
  -0.975719;145.581965;-8.914841;,
  -0.735317;145.688870;-9.189138;,
  -0.686617;145.568384;-8.984941;,
  -0.359917;145.642970;-9.283740;,
  -0.362017;145.513971;-9.077341;,
  -0.364917;145.982592;-9.559242;,
  0.001184;146.407667;-9.657542;,
  0.367284;146.488269;-9.637142;,
  -0.364918;146.488269;-9.637142;,
  0.328684;146.598387;-9.535643;,
  0.001185;146.847667;-9.328343;,
  0.267084;146.962266;-9.331641;,
  0.001184;146.509760;-9.534442;,
  -0.326317;146.598387;-9.535643;,
  -0.799418;146.471066;-9.506639;,
  -0.773018;145.985293;-9.383041;,
  -0.746218;146.577574;-9.433042;,
  -0.264716;146.962266;-9.331641;,
  -1.182319;146.308173;-9.307342;,
  -1.084919;145.904090;-9.198341;,
  -1.014919;145.694669;-9.066240;,
  -1.261619;145.526874;-8.728641;,
  -1.603919;145.723878;-8.774640;,
  -1.369819;145.792448;-8.991739;,
  -1.449719;146.147750;-9.062742;,
  -1.461620;146.241459;-9.061042;,
  -1.725719;146.064666;-8.845442;,
  -1.898518;146.676557;-8.781741;,
  -1.883518;145.603072;-8.503440;,
  -2.192218;145.561574;-8.239638;,
  -1.953318;145.767258;-8.580340;,
  -1.704520;145.974362;-8.859843;,
  -1.984019;145.872858;-8.611840;,
  -2.274118;146.417856;-8.568542;,
  -2.544617;145.916979;-8.278740;,
  -2.825217;145.589658;-7.977539;,
  -2.785317;146.117555;-8.228140;,
  -2.528316;145.504973;-8.077236;,
  -2.279418;145.635251;-8.264538;,
  -2.264717;145.434266;-8.109038;,
  -2.312417;145.083648;-8.054738;,
  -2.641616;145.016358;-7.816538;,
  -2.939517;145.025050;-7.635539;,
  -3.181117;145.700582;-7.817841;,
  -3.367416;145.111757;-7.298639;,
  -3.657915;144.216064;-5.966142;,
  -3.881915;145.186560;-6.715242;,
  -3.274415;144.238272;-6.722942;,
  -4.855313;145.351360;-2.099843;,
  -5.692613;146.674867;-3.873842;,
  -4.888014;145.269658;-3.747642;,
  -4.688414;145.241664;-4.900244;,
  -5.360514;146.550771;-5.147942;,
  -4.342315;145.206848;-5.866342;,
  -4.878614;146.422771;-6.224644;,
  -4.256415;146.214566;-7.039142;,
  -3.596616;145.892058;-7.563440;,
  -4.484014;147.204160;-7.364941;,
  -5.211315;147.568858;-6.626342;,
  -5.901814;147.987469;-5.603941;,
  -6.290313;148.328960;-4.260341;,
  -5.957892;147.135974;-0.181250;,
  -6.472109;148.695770;-0.822074;,
  -6.570713;150.080474;-4.687541;,
  -6.026114;149.417370;-6.054440;,
  -5.313715;148.834765;-7.110042;,
  -4.474715;148.199194;-7.738140;,
  -3.663616;146.747571;-7.875641;,
  -3.558616;147.569165;-8.125441;,
  -5.733015;150.478989;-6.495240;,
  -5.004215;149.997274;-7.459142;,
  -3.501716;149.632678;-8.195942;,
  -4.159214;149.089869;-8.036640;,
  -2.822815;150.016179;-8.255143;,
  -2.752415;148.834982;-8.461441;,
  -3.242516;148.256256;-8.337141;,
  -6.099714;151.262477;-5.738440;,
  -5.430715;151.226176;-6.693242;,
  -4.863316;150.867277;-7.366740;,
  -3.989815;150.385088;-7.907942;,
  -3.102515;150.732070;-8.008442;,
  -2.324214;151.037171;-7.981442;,
  -2.122115;150.333274;-8.327243;,
  -5.641814;151.939379;-6.199840;,
  -6.152113;152.315264;-5.226341;,
  -5.763715;152.677862;-5.958041;,
  -5.801414;153.399053;-6.293940;,
  -6.517614;153.092762;-3.819841;,
  -6.581712;155.057754;-3.020542;,
  -6.315513;154.602138;-4.340641;,
  -6.104914;154.240346;-5.476143;,
  -6.125914;153.163238;-5.205241;,
  -5.807313;153.909952;-6.428042;,
  -6.692312;151.756992;-3.756042;,
  -6.957166;156.080525;0.569264;,
  -6.173512;157.840051;-3.100041;,
  -6.781011;155.543462;-1.668841;,
  -5.971113;156.831053;-4.482842;,
  -5.875313;155.958758;-5.503242;,
  -5.696414;155.097357;-6.300543;,
  -5.625314;154.263744;-7.000942;,
  -5.393215;153.651840;-7.157040;,
  -5.011214;155.492237;-7.264541;,
  -4.120715;154.570240;-8.433338;,
  -5.020315;154.584051;-7.705541;,
  -5.044515;156.462054;-6.667041;,
  -5.153614;157.828851;-5.728141;,
  -5.256812;159.294157;-4.270040;,
  -6.426711;158.674765;-1.235341;,
  -5.096212;160.614656;-2.568241;,
  -4.229713;159.999450;-5.108941;,
  -4.161614;158.356352;-6.809139;,
  -2.923615;158.449651;-7.351240;,
  -3.011414;160.487155;-5.756941;,
  -3.454012;161.789850;-3.209941;,
  -5.115252;160.850611;0.794644;,
  -4.016715;156.607066;-7.638240;,
  -2.787114;156.393254;-8.309440;,
  -1.567415;155.759565;-8.811041;,
  -1.744314;158.392550;-7.825041;,
  -1.852814;160.674957;-6.155741;,
  -2.177212;162.247360;-3.542642;,
  -3.503110;162.036557;0.735158;,
  -4.618196;159.992512;5.334496;,
  -0.687614;158.440038;-8.019142;,
  -0.825013;160.835046;-6.346341;,
  -0.906712;162.496755;-3.641642;,
  -1.744009;162.643866;0.659056;,
  -3.137798;160.990208;5.237338;,
  -2.222863;159.426163;7.278092;,
  -0.646814;155.597555;-8.867542;,
  0.001186;158.440051;-8.078144;,
  0.001185;155.586253;-8.880442;,
  0.001187;160.830349;-6.422941;,
  0.001189;162.562650;-3.719942;,
  0.001191;162.787661;0.600956;,
  0.000005;161.651968;5.379344;,
  -1.708553;161.454118;5.332016;,
  0.000006;159.547200;7.586372;,
  0.689986;158.440038;-8.019143;,
  0.649185;155.597555;-8.867542;,
  1.569784;155.759565;-8.811044;,
  4.163986;158.356352;-6.809144;,
  2.789485;156.393254;-8.309443;,
  2.925986;158.449651;-7.351243;,
  1.746686;158.392550;-7.825042;,
  0.827387;160.835046;-6.346342;,
  0.001189;162.562650;-3.719942;,
  0.909089;162.496755;-3.641643;,
  0.001191;162.787661;0.600956;,
  1.746391;162.643866;0.659054;,
  4.232088;159.999450;-5.108945;,
  3.013787;160.487155;-5.756944;,
  1.855187;160.674957;-6.155743;,
  2.179589;162.247360;-3.542644;,
  3.505491;162.036557;0.735154;,
  3.137808;160.990208;5.237335;,
  4.618194;159.992550;5.015459;,
  5.098590;160.614656;-2.568247;,
  3.456389;161.789850;-3.209945;,
  5.116492;160.850650;0.789352;,
  2.222876;159.426163;7.278090;,
  4.219420;158.295475;6.911195;,
  5.551411;156.813888;6.255458;,
  6.121567;158.006362;4.663634;,
  6.438725;158.765005;1.168523;,
  6.429090;158.674765;-1.235349;,
  5.259189;159.294157;-4.270046;,
  6.429932;153.888883;5.164033;,
  6.868222;155.393216;3.729656;,
  6.957171;156.080525;0.569256;,
  6.175889;157.840051;-3.100048;,
  5.155987;157.828851;-5.728146;,
  6.958417;153.537562;2.224193;,
  6.935847;153.160474;3.039352;,
  6.783389;155.543462;-1.668849;,
  5.973488;156.831053;-4.482848;,
  5.046886;156.462067;-6.667048;,
  4.019086;156.607053;-7.638244;,
  5.877688;155.958758;-5.503248;,
  6.584089;155.057754;-3.020549;,
  6.903865;153.427750;1.194301;,
  7.398742;153.740902;2.148448;,
  7.516570;153.459430;2.989060;,
  7.581137;152.759859;3.339119;,
  6.884072;152.152422;3.422648;,
  7.510018;151.616179;3.399752;,
  6.835635;151.894899;-0.206448;,
  6.703482;153.285018;-1.422105;,
  6.519988;153.092749;-3.819848;,
  6.317888;154.602163;-4.340649;,
  6.694689;151.756979;-3.756048;,
  6.790903;150.127680;-0.809474;,
  6.573088;150.080474;-4.687549;,
  6.472110;148.695770;-0.822082;,
  6.292688;148.328947;-4.260347;,
  6.102088;151.262477;-5.738449;,
  5.644187;151.939379;-6.199847;,
  6.154488;152.315264;-5.226349;,
  6.128287;153.163238;-5.205248;,
  6.107288;154.240358;-5.476149;,
  5.698786;155.097370;-6.300548;,
  5.013586;155.492250;-7.264546;,
  5.877688;155.958758;-5.503248;,
  5.046886;156.462067;-6.667048;,
  5.766088;152.677862;-5.958047;,
  5.803787;153.399053;-6.293947;,
  5.809686;153.909952;-6.428047;,
  5.626532;154.263770;-6.995666;,
  5.021473;154.584026;-7.700247;,
  4.902786;153.909555;-7.792745;,
  4.094785;153.946150;-8.368143;,
  3.234284;153.818970;-8.511743;,
  4.121865;154.570227;-8.428030;,
  4.094685;155.423654;-8.187643;,
  3.043884;154.257242;-8.771243;,
  2.324784;153.460454;-8.497042;,
  2.599985;153.251776;-8.219744;,
  1.996485;152.619341;-7.933045;,
  1.643084;152.970675;-8.358343;,
  1.599785;152.180774;-7.920843;,
  4.081586;153.732250;-8.131746;,
  3.289985;153.574950;-8.265543;,
  2.725986;153.098342;-8.166643;,
  2.219386;152.515635;-7.897643;,
  1.886285;152.006464;-7.831144;,
  1.611185;151.774259;-7.957442;,
  3.332685;153.402445;-8.132645;,
  2.786386;152.948749;-7.875844;,
  3.345985;153.273549;-7.858645;,
  4.067586;153.518234;-7.973945;,
  4.839486;153.675046;-7.694845;,
  5.395586;153.651853;-7.157046;,
  5.291186;153.420365;-7.120846;,
  4.774586;153.440640;-7.548445;,
  4.004686;153.349837;-7.836245;,
  3.370286;153.232243;-7.603045;,
  5.190986;153.249651;-7.096547;,
  4.695286;153.250534;-7.482143;,
  5.532186;153.099443;-6.578946;,
  5.623286;152.777344;-6.271546;,
  5.443186;152.289651;-6.455446;,
  5.269387;151.736486;-6.791647;,
  5.433087;151.226202;-6.693250;,
  5.433186;153.011149;-6.696047;,
  5.366387;152.456576;-6.576047;,
  5.479286;152.784346;-6.420446;,
  5.248686;152.925542;-6.725446;,
  5.040687;153.082355;-7.049647;,
  4.535586;153.231334;-7.212545;,
  4.005986;153.318054;-7.454245;,
  4.124486;153.351552;-6.703846;,
  4.918186;153.075251;-6.884948;,
  4.650987;153.114547;-6.245846;,
  3.420086;153.327040;-6.860644;,
  3.611687;152.540454;-5.507047;,
  5.043987;152.753357;-6.173946;,
  5.130687;152.912550;-6.629148;,
  5.348987;152.771763;-6.462747;,
  5.249686;152.511552;-6.566148;,
  4.368487;151.817766;-6.473246;,
  4.857487;152.186765;-6.209746;,
  5.134087;152.498944;-6.418547;,
  5.228887;152.755341;-6.376146;,
  5.008187;152.171571;-6.691446;,
  4.618686;151.782170;-7.077846;,
  3.714686;151.657370;-6.715246;,
  5.093286;152.166758;-6.845546;,
  4.696186;151.790861;-7.288244;,
  5.185587;152.035584;-6.887346;,
  4.788986;151.632960;-7.367945;,
  3.917286;151.595866;-7.284142;,
  3.984786;151.671168;-7.479744;,
  4.070886;151.562662;-7.725044;,
  4.805487;151.339392;-7.331147;,
  3.400186;151.664678;-7.839144;,
  3.389586;151.658278;-7.622343;,
  3.341186;151.626483;-7.416643;,
  2.649186;151.783770;-7.359043;,
  2.583886;151.710669;-7.156044;,
  2.340586;151.866662;-7.332744;,
  2.622286;151.791667;-7.562043;,
  2.223886;151.833664;-7.520843;,
  2.257586;151.940685;-7.420044;,
  2.267486;151.964966;-7.205044;,
  2.862586;151.724173;-6.851145;,
  2.384586;152.086771;-6.651344;,
  3.305586;151.479693;-7.987446;,
  2.640585;151.680576;-7.847544;,
  2.251086;151.757696;-7.787643;,
  2.065886;151.871066;-7.646944;,
  2.200486;152.074765;-7.428643;,
  2.186786;152.096960;-7.210843;,
  1.940186;151.842381;-7.846245;,
  2.046686;151.585370;-7.827743;,
  2.464985;151.444365;-7.860046;,
  3.251986;151.175373;-7.947447;,
  4.075687;150.945664;-7.817246;,
  4.093386;151.356365;-7.810446;,
  2.326586;151.037171;-7.981444;,
  1.715185;151.323469;-8.090844;,
  2.124485;150.333274;-8.327245;,
  2.825186;150.016192;-8.255146;,
  3.104886;150.732083;-8.008446;,
  3.504086;149.632691;-8.195946;,
  3.992187;150.385088;-7.907947;,
  4.865687;150.867277;-7.366747;,
  5.735388;150.478989;-6.495248;,
  6.028487;149.417370;-6.054447;,
  5.904187;147.987456;-5.603947;,
  5.362887;146.550746;-5.147947;,
  4.690787;145.241651;-4.900248;,
  5.694988;146.674867;-3.873848;,
  4.890388;145.269658;-3.747647;,
  4.857689;145.351360;-2.099848;,
  3.136389;143.500672;-2.021649;,
  3.656288;144.042765;-2.859447;,
  5.957894;147.135974;-0.181257;,
  6.545758;148.931930;0.473224;,
  6.943566;150.262618;0.224260;,
  6.796187;149.129946;0.612920;,
  7.077006;149.463974;0.763568;,
  6.982037;150.635891;0.882346;,
  7.027754;151.976154;0.702668;,
  7.286539;149.492288;1.287982;,
  7.209364;149.963558;1.313144;,
  7.036022;150.730227;1.466393;,
  7.113031;152.003674;1.247867;,
  7.600496;152.979917;1.375067;,
  7.325733;153.171469;1.210796;,
  7.785403;153.546419;2.094227;,
  7.339681;150.631104;2.031182;,
  7.402083;149.761882;1.732844;,
  7.247474;151.876493;1.901035;,
  7.532966;152.690765;2.069140;,
  7.834482;153.217562;2.309740;,
  7.895944;153.312589;2.810110;,
  7.905934;151.596390;3.228904;,
  7.806534;152.681024;2.938447;,
  7.895578;152.741453;3.193310;,
  7.103675;150.282803;2.708759;,
  6.539667;150.657459;3.022396;,
  5.848791;151.092774;4.959956;,
  5.184690;149.054003;4.274652;,
  4.130644;152.051942;7.730708;,
  0.000005;147.245683;6.053554;,
  1.605781;149.571085;7.773941;,
  0.000006;149.570726;7.953114;,
  1.887177;152.624525;8.897176;,
  2.060530;156.179021;8.832328;,
  4.572615;155.394880;7.776553;,
  0.000006;159.547200;7.586372;,
  0.000007;156.456333;9.084626;,
  0.000007;152.716314;8.937192;,
  0.000005;161.651968;5.379344;,
  1.708563;161.454118;5.332014;,
  -1.046209;141.647565;2.881251;,
  -2.591709;140.524173;2.667743;,
  -1.277209;140.648973;3.225852;,
  0.001191;139.727872;3.840650;,
  0.001191;140.700864;3.384752;,
  0.001191;141.660365;3.038551;,
  0.001191;142.624461;2.856651;,
  -0.967409;142.644160;2.715651;,
  0.001191;144.053069;2.798151;,
  -1.001909;144.058560;2.750952;,
  0.000003;145.586726;3.701321;,
  -1.150090;145.561178;3.611540;,
  -1.390085;147.193766;5.872286;,
  0.000005;147.245683;6.053554;,
  -3.582510;145.298970;0.576754;,
  -2.228809;144.000666;2.037753;,
  -2.600109;145.499379;2.351352;,
  -2.185709;142.564160;2.085154;,
  -2.481510;141.469773;2.249354;,
  -3.244430;140.265075;2.154454;,
  -4.191172;139.048051;2.678170;,
  -3.097493;147.135424;4.751618;,
  -4.345786;147.065395;2.276505;,
  -5.131724;146.807130;0.964589;,
  -1.605769;149.571085;7.773942;,
  -3.583348;149.366810;6.722824;,
  -5.184682;149.054003;4.274658;,
  -6.046111;149.300813;1.977561;,
  -6.545754;148.931930;0.473232;,
  -6.716178;148.982592;1.416775;,
  -4.130632;152.051942;7.730713;,
  -1.887164;152.624525;8.897178;,
  -2.060516;156.178995;8.832329;,
  -4.219407;158.295475;6.911199;,
  -4.572602;155.394880;7.776559;,
  -5.848782;151.092774;4.959963;,
  -6.539660;150.657459;3.022404;,
  -6.938946;149.469926;2.032628;,
  -6.438721;158.765005;1.168530;,
  -6.121558;158.006362;4.663641;,
  -5.551400;156.813888;6.255464;,
  -6.429924;153.888883;5.164040;,
  -6.884066;152.152422;3.422656;,
  -6.868214;155.393216;3.729664;,
  -6.835632;151.894899;-0.206440;,
  -6.703482;153.285018;-1.474532;,
  -6.903860;153.427750;1.194309;,
  -6.958410;153.537562;2.224202;,
  -6.935841;153.160474;3.039360;,
  -7.398736;153.740902;2.148457;,
  -7.325729;153.171469;1.210805;,
  -7.027749;151.976154;0.702676;,
  -7.785397;153.546419;2.094236;,
  -7.516562;153.459430;2.989069;,
  -7.581130;152.759859;3.339128;,
  -7.510010;151.616179;3.399761;,
  -7.103668;150.282803;2.708768;,
  -7.895938;153.312589;2.810119;,
  -7.895572;152.741453;3.193319;,
  -6.982034;150.635891;0.882354;,
  -7.113026;152.003674;1.247875;,
  -7.600490;152.979917;1.375076;,
  -7.834475;153.217562;2.309749;,
  -7.806528;152.681024;2.938457;,
  -7.905926;151.596390;3.228914;,
  -7.789062;151.635059;2.878763;,
  -7.674061;152.411942;2.606724;,
  -7.814025;151.668518;2.398390;,
  -7.247467;151.876493;1.901044;,
