xof 0303txt 0032
template ColorRGBA {
 <35ff44e0-6c7c-11cf-8f52-0040333594a3>
 FLOAT red;
 FLOAT green;
 FLOAT blue;
 FLOAT alpha;
}

template ColorRGB {
 <d3e16e81-7835-11cf-8f52-0040333594a3>
 FLOAT red;
 FLOAT green;
 FLOAT blue;
}

template Material {
 <3d82ab4d-62da-11cf-ab39-0020af71e433>
 ColorRGBA faceColor;
 FLOAT power;
 ColorRGB specularColor;
 ColorRGB emissiveColor;
 [...]
}

template TextureFilename {
 <a42790e1-7810-11cf-8f52-0040333594a3>
 STRING filename;
}

template Frame {
 <3d82ab46-62da-11cf-ab39-0020af71e433>
 [...]
}

template Matrix4x4 {
 <f6f23f45-7686-11cf-8f52-0040333594a3>
 array FLOAT matrix[16];
}

template FrameTransformMatrix {
 <f6f23f41-7686-11cf-8f52-0040333594a3>
 Matrix4x4 frameMatrix;
}

template Vector {
 <3d82ab5e-62da-11cf-ab39-0020af71e433>
 FLOAT x;
 FLOAT y;
 FLOAT z;
}

template MeshFace {
 <3d82ab5f-62da-11cf-ab39-0020af71e433>
 DWORD nFaceVertexIndices;
 array DWORD faceVertexIndices[nFaceVertexIndices];
}

template Mesh {
 <3d82ab44-62da-11cf-ab39-0020af71e433>
 DWORD nVertices;
 array Vector vertices[nVertices];
 DWORD nFaces;
 array MeshFace faces[nFaces];
 [...]
}

template MeshNormals {
 <f6f23f43-7686-11cf-8f52-0040333594a3>
 DWORD nNormals;
 array Vector normals[nNormals];
 DWORD nFaceNormals;
 array MeshFace faceNormals[nFaceNormals];
}

template MeshMaterialList {
 <f6f23f42-7686-11cf-8f52-0040333594a3>
 DWORD nMaterials;
 DWORD nFaceIndexes;
 array DWORD faceIndexes[nFaceIndexes];
 [Material <3d82ab4d-62da-11cf-ab39-0020af71e433>]
}

template Coords2d {
 <f6f23f44-7686-11cf-8f52-0040333594a3>
 FLOAT u;
 FLOAT v;
}

template MeshTextureCoords {
 <f6f23f40-7686-11cf-8f52-0040333594a3>
 DWORD nTextureCoords;
 array Coords2d textureCoords[nTextureCoords];
}

template XSkinMeshHeader {
 <3cf169ce-ff7c-44ab-93c0-f78f62d172e2>
 WORD nMaxSkinWeightsPerVertex;
 WORD nMaxSkinWeightsPerFace;
 WORD nBones;
}

template SkinWeights {
 <6f0d123b-bad2-4167-a0d0-80224f25fabb>
 STRING transformNodeName;
 DWORD nWeights;
 array DWORD vertexIndices[nWeights];
 array FLOAT weights[nWeights];
 Matrix4x4 matrixOffset;
}

template AnimTicksPerSecond {
 <9e415a43-7ba6-4a73-8743-b73d47e88476>
 DWORD AnimTicksPerSecond;
}

template Animation {
 <3d82ab4f-62da-11cf-ab39-0020af71e433>
 [...]
}

template AnimationSet {
 <3d82ab50-62da-11cf-ab39-0020af71e433>
 [Animation <3d82ab4f-62da-11cf-ab39-0020af71e433>]
}

template FloatKeys {
 <10dd46a9-775b-11cf-8f52-0040333594a3>
 DWORD nValues;
 array FLOAT values[nValues];
}

template TimedFloatKeys {
 <f406b180-7b3b-11cf-8f52-0040333594a3>
 DWORD time;
 FloatKeys tfkeys;
}

template AnimationKey {
 <10dd46a8-775b-11cf-8f52-0040333594a3>
 DWORD keyType;
 DWORD nKeys;
 array TimedFloatKeys keys[nKeys];
}


Material Alice_Asylum_Skin_XTX_Mat_INST {
 1.000000;1.000000;1.000000;1.000000;;
 10.000000;
 0.000000;0.000000;0.000000;;
 0.000000;0.000000;0.000000;;

 TextureFilename {
  "Alice_Asylum_Skin_DM.tga";
 }
}

Material Alice_Asylum_Clothes_ATX_Mat_INST {
 1.000000;1.000000;1.000000;1.000000;;
 10.000000;
 0.000000;0.000000;0.000000;;
 0.000000;0.000000;0.000000;;

 TextureFilename {
  "Alice_Asylum_Clothes_DM.tga";
 }
}

Frame Root {
 

 FrameTransformMatrix {
  1.000000,0.000000,0.000000,0.000000,0.000000,1.000000,0.000000,0.000000,0.000000,0.000000,1.000000,0.000000,0.000000,0.000000,0.000000,1.000000;;
 }

 Frame RefBox {
  

  FrameTransformMatrix {
   1.000000,0.000000,0.000000,0.000000,0.000000,1.000000,0.000000,0.000000,0.000000,0.000000,1.000000,0.000000,0.000000,0.000000,0.000000,1.000000;;
  }
 }

 Frame Refbox_Align {
  

  FrameTransformMatrix {
   1.000000,0.000000,0.000000,0.000000,0.000000,1.000000,0.000000,0.000000,0.000000,0.000000,1.000000,0.000000,0.000238,0.000000,0.000000,1.000000;;
  }
 }

 Frame Bip01 {
  

  FrameTransformMatrix {
   -0.002920,-0.297233,-0.954801,0.000000,-0.039629,0.954089,-0.296890,0.000000,0.999210,0.036971,-0.014565,0.000000,0.000000,7.055652,0.000000,1.000000;;
  }

  Frame Bip01-Pelvis {
   

   FrameTransformMatrix {
    0.000000,1.000000,-0.000002,0.000000,-0.000001,0.000002,1.000000,0.000000,1.000000,-0.000000,0.000001,0.000000,0.000000,0.000000,0.000000,1.000000;;
   }

   Frame Bip01-Spine {
    

    FrameTransformMatrix {
     0.986123,-0.122052,0.112540,0.000000,0.124353,0.992145,-0.013634,0.000000,-0.109992,0.027439,0.993554,0.000000,1.599610,0.000002,0.108676,1.000000;;
    }

    Frame Bip01-Spine1 {
     

     FrameTransformMatrix {
      0.993154,-0.100199,-0.060049,0.000000,0.098915,0.994807,-0.024000,0.000000,0.062142,0.017896,0.997907,0.000000,0.543762,0.000000,-0.000408,1.000000;;
     }

     Frame Bip01-Spine2 {
      

      FrameTransformMatrix {
       0.971536,-0.100880,-0.214341,0.000000,0.101522,0.994801,-0.008040,0.000000,0.214038,-0.013949,0.976726,0.000000,0.519812,0.000000,-0.000901,1.000000;;
      }

      Frame Bip01-Neck {
       

       FrameTransformMatrix {
        0.712977,-0.201722,0.671544,0.000000,0.158118,0.979310,0.126297,0.000000,-0.683127,0.016136,0.730121,0.000000,1.481270,0.000001,0.095365,1.000000;;
       }

       Frame Bip01-Head {
        

        FrameTransformMatrix {
         0.941922,0.151159,0.299889,0.000000,-0.146583,0.988474,-0.037840,0.000000,-0.302152,-0.008317,0.953223,0.000000,0.371743,-0.000022,-0.027800,1.000000;;
        }

        Frame Face_Root {
         

         FrameTransformMatrix {
          0.996093,-0.000000,-0.088312,0.000000,-0.000001,1.000000,-0.000009,0.000000,0.088312,0.000009,0.996093,0.000000,-0.000038,0.000001,0.000000,1.000000;;
         }

         Frame Face_Eye_Left {
          

          FrameTransformMatrix {
           -0.099649,0.073521,0.992303,0.000000,0.723964,-0.678785,0.122994,0.000000,0.682602,0.730648,0.014414,0.000000,0.729267,0.274370,0.530405,1.000000;;
          }
         }

         Frame Face_Eye_Right {
          

          FrameTransformMatrix {
           0.070109,-0.079233,0.994388,0.000000,0.731842,-0.673299,-0.105247,0.000000,0.677859,0.735113,0.010782,0.000000,0.729266,-0.274378,0.530402,1.000000;;
          }
         }

         Frame Face_Eyebrow_L_Mid {
          

          FrameTransformMatrix {
           0.163497,-0.203852,-0.965253,0.000000,-0.249377,-0.955183,0.159485,0.000000,-0.954505,0.214637,-0.207005,0.000000,0.918793,0.284129,0.749059,1.000000;;
          }
         }

         Frame Face_Eyebrow_R_In {
          

          FrameTransformMatrix {
           0.165024,0.204051,-0.964951,0.000000,0.490956,-0.865534,-0.099066,0.000000,-0.855412,-0.457400,-0.243014,0.000000,0.830951,-0.098922,0.773249,1.000000;;
          }
         }

         Frame Face_Jaw {
          

          FrameTransformMatrix {
           -0.310012,-0.000003,0.950733,0.000000,-0.000008,1.000000,0.000001,0.000000,-0.950733,-0.000008,-0.310012,0.000000,0.379719,-0.000004,0.069665,1.000000;;
          }

          Frame Face_Lip_Lower_C {
           

           FrameTransformMatrix {
            0.911423,-0.000793,-0.411471,0.000000,0.000759,1.000000,-0.000245,0.000000,0.411471,-0.000089,0.911423,0.000000,0.725273,-0.000002,0.033846,1.000000;;
           }
          }

          Frame Face_Lip_Lower_L {
           

           FrameTransformMatrix {
            -0.425103,0.898803,-0.106964,0.000000,0.889172,0.392571,-0.235078,0.000000,-0.169297,-0.195042,-0.966073,0.000000,0.720452,0.099998,0.022400,1.000000;;
           }
          }

          Frame Face_Lip_Lower_R {
           

           FrameTransformMatrix {
            -0.425102,-0.898803,-0.106959,0.000000,-0.889173,0.392574,0.235070,0.000000,-0.169293,0.195034,-0.966076,0.000000,0.720454,-0.099997,0.022404,1.000000;;
           }
          }

          Frame Face_Tongue {
           

           FrameTransformMatrix {
            0.950733,-0.000008,-0.310012,0.000000,0.000008,1.000000,0.000000,0.000000,0.310012,-0.000003,0.950733,0.000000,0.438683,-0.000000,0.088389,1.000000;;
           }

           Frame Face_Tongue01 {
            

            FrameTransformMatrix {
             1.000000,-0.000003,0.000000,0.000000,0.000003,1.000000,0.000004,0.000000,-0.000000,-0.000004,1.000000,0.000000,0.150873,0.000001,0.000000,1.000000;;
            }
           }
          }
         }

         Frame Face_Upper {
          

          FrameTransformMatrix {
           0.178592,0.000000,0.983923,0.000000,-0.000008,1.000000,0.000001,0.000000,-0.983923,-0.000008,0.178592,0.000000,0.175955,-0.000006,0.409481,1.000000;;
          }

          Frame Face_Lip_Upper_L {
           

           FrameTransformMatrix {
            -0.565252,0.760513,0.319548,0.000000,0.010981,0.394272,-0.918928,0.000000,-0.824845,-0.515917,-0.231214,0.000000,0.348685,0.104191,0.021511,1.000000;;
           }
          }

          Frame Face_Lip_Upper_R {
           

           FrameTransformMatrix {
            -0.565251,-0.760511,0.319552,0.000000,-0.010986,0.394280,0.918925,0.000000,-0.824846,0.515913,-0.231222,0.000000,0.348683,-0.104192,0.021512,1.000000;;
           }
          }

          Frame Face_Lip_Upper_C {
           

           FrameTransformMatrix {
            0.383127,0.000003,0.923696,0.000000,-0.000003,1.000000,-0.000002,0.000000,-0.923696,-0.000002,0.383127,0.000000,0.390257,-0.000030,0.002184,1.000000;;
           }
          }
         }

         Frame Face_Eyebrow_R_Mid {
          

          FrameTransformMatrix {
           0.163495,0.203874,-0.965249,0.000000,0.249377,-0.955180,-0.159507,0.000000,-0.954505,-0.214632,-0.207009,0.000000,0.918796,-0.284139,0.749053,1.000000;;
          }
         }

         Frame Face_Cheek_Low_L {
          

          FrameTransformMatrix {
           -0.318337,-0.565071,0.761155,0.000000,-0.135632,0.821814,0.553377,0.000000,-0.938225,0.072923,-0.338255,0.000000,0.256165,0.421913,0.486082,1.000000;;
          }
         }

         Frame Face_Cheek_Low_R {
          

          FrameTransformMatrix {
           -0.318336,0.565060,0.761163,0.000000,0.135627,0.821821,-0.553368,0.000000,-0.938226,-0.072923,-0.338252,0.000000,0.256165,-0.421920,0.486077,1.000000;;
          }
         }

         Frame Face_Cheek_Up_L {
          

          FrameTransformMatrix {
           -0.315927,-0.797842,0.513457,0.000000,0.948066,-0.286504,0.138152,0.000000,0.036884,0.530438,0.846921,0.000000,0.548317,0.437593,0.592589,1.000000;;
          }
         }

         Frame Face_Cheek_Up_R {
          

          FrameTransformMatrix {
           -0.315927,0.797835,0.513468,0.000000,-0.948066,-0.286505,-0.138151,0.000000,0.036889,-0.530447,0.846915,0.000000,0.548315,-0.437601,0.592584,1.000000;;
          }
         }

         Frame Face_Eyebrow_L_In {
          

          FrameTransformMatrix {
           0.165024,-0.204039,-0.964954,0.000000,-0.490960,-0.865533,0.099054,0.000000,-0.855409,0.457407,-0.243009,0.000000,0.830952,0.098911,0.773251,1.000000;;
          }
         }

         Frame Face_Eyebrow_L_Out {
          

          FrameTransformMatrix {
           0.351609,-0.600423,0.718237,0.000000,0.000509,0.767349,0.641230,0.000000,-0.936147,-0.225096,0.270112,0.000000,0.876751,0.461367,0.546556,1.000000;;
          }
         }

         Frame Face_Eyebrow_R_Out {
          

          FrameTransformMatrix {
           0.351609,0.600413,0.718245,0.000000,-0.000514,0.767358,-0.641218,0.000000,-0.936147,0.225089,0.270119,0.000000,0.876754,-0.461373,0.546546,1.000000;;
          }
         }

         Frame Face_LowerLids {
          

          FrameTransformMatrix {
           -0.240835,-0.000005,0.970566,0.000000,-0.000006,1.000000,0.000004,0.000000,-0.970566,-0.000005,-0.240835,0.000000,0.722701,-0.000006,0.529578,1.000000;;
          }

          Frame Face_LowerLid_L_Out {
           

           FrameTransformMatrix {
            0.988451,-0.000006,-0.151540,0.000000,0.000006,1.000000,-0.000003,0.000000,0.151540,0.000002,0.988451,0.000000,0.099299,0.381776,0.030433,1.000000;;
           }
          }

          Frame Face_LowerLid_L_In {
           

           FrameTransformMatrix {
            0.988451,-0.000006,-0.151540,0.000000,0.000006,1.000000,-0.000003,0.000000,0.151540,0.000002,0.988451,0.000000,0.156954,0.237325,0.044384,1.000000;;
           }
          }

          Frame Face_LowerLid_R_In {
           

           FrameTransformMatrix {
            0.988451,-0.000006,-0.151540,0.000000,0.000006,1.000000,-0.000003,0.000000,0.151540,0.000002,0.988451,0.000000,0.156966,-0.238679,0.044395,1.000000;;
           }
          }

          Frame Face_LowerLid_R_Out {
           

           FrameTransformMatrix {
            0.988451,-0.000006,-0.151540,0.000000,0.000006,1.000000,-0.000003,0.000000,0.151540,0.000002,0.988451,0.000000,0.099250,-0.382441,0.030427,1.000000;;
           }
          }
         }

         Frame Face_UpperLids {
          

          FrameTransformMatrix {
           0.402251,-0.000005,0.915530,0.000000,-0.000007,1.000000,0.000008,0.000000,-0.915529,-0.000010,0.402251,0.000000,0.722664,-0.000007,0.529363,1.000000;;
          }

          Frame Face_UpperLid_R_Out {
           

           FrameTransformMatrix {
            0.876429,-0.000002,0.481530,0.000000,0.000003,1.000000,-0.000001,0.000000,-0.481530,0.000002,0.876429,0.000000,0.066429,-0.403480,-0.016945,1.000000;;
           }
          }

          Frame Face_UpperLid_R_In {
           

           FrameTransformMatrix {
            0.876429,-0.000002,0.481530,0.000000,0.000003,1.000000,-0.000001,0.000000,-0.481530,0.000002,0.876429,0.000000,0.139953,-0.238386,0.014754,1.000000;;
           }
          }

          Frame Face_UpperLid_L_Out {
           

           FrameTransformMatrix {
            0.876429,-0.000002,0.481530,0.000000,0.000003,1.000000,-0.000001,0.000000,-0.481530,0.000002,0.876429,0.000000,0.066459,0.402907,-0.016761,1.000000;;
           }
          }

          Frame Face_UpperLid_L_In {
           

           FrameTransformMatrix {
            0.876429,-0.000002,0.481530,0.000000,0.000003,1.000000,-0.000001,0.000000,-0.481530,0.000002,0.876429,0.000000,0.136278,0.244219,0.013177,1.000000;;
           }
          }
         }

         Frame Face_nose_L {
          

          FrameTransformMatrix {
           0.051412,0.348747,0.935806,0.000000,0.147864,0.924059,-0.352493,0.000000,-0.987670,0.156494,-0.004059,0.000000,0.407907,0.063666,0.786807,1.000000;;
          }
         }

         Frame Face_nose_R {
          

          FrameTransformMatrix {
           0.051412,-0.348759,0.935801,0.000000,-0.147870,0.924054,0.352505,0.000000,-0.987670,-0.156499,-0.004063,0.000000,0.407908,-0.063677,0.786807,1.000000;;
          }
         }

         Frame Face_Corner_R {
          

          FrameTransformMatrix {
           -0.172905,-0.631510,0.755843,0.000000,-0.505542,0.715505,0.482162,0.000000,-0.845299,-0.298742,-0.442969,0.000000,0.161984,-0.171297,0.671135,1.000000;;
          }
         }

         Frame Face_Corner_L {
          

          FrameTransformMatrix {
           -0.172905,0.631502,0.755850,0.000000,0.505537,0.715513,-0.482155,0.000000,-0.845302,0.298743,-0.442963,0.000000,0.161984,0.171300,0.671133,1.000000;;
          }
         }
        }
       }
      }

      Frame Bip01-Back_point {
       

       FrameTransformMatrix {
        0.416376,-0.041226,-0.908257,0.000000,-0.731279,0.578405,-0.361497,0.000000,0.540243,0.814708,0.210686,0.000000,1.358104,-0.412346,-0.646049,1.000000;;
       }
      }

      Frame Bip01-L-Clavicle {
       

       FrameTransformMatrix {
        -0.010457,0.997465,-0.070386,0.000000,0.999945,0.010376,-0.001523,0.000000,-0.000789,-0.070398,-0.997518,0.000000,1.189683,0.252782,-0.008518,1.000000;;
       }

       Frame Bip01-LUpArmTwist {
        

        FrameTransformMatrix {
         -0.119022,-0.928577,-0.351537,0.000000,0.562906,0.228549,-0.794293,0.000000,0.817906,-0.292421,0.495500,0.000000,0.565918,0.000000,0.000000,1.000000;;
        }

        Frame Bip01-LUpArmTwist1 {
         

         FrameTransformMatrix {
          1.000000,0.000000,-0.000000,0.000000,0.000000,0.925395,-0.379004,0.000000,0.000000,0.379004,0.925395,0.000000,1.019180,0.000000,-0.000000,1.000000;;
         }
        }
       }
      }

      Frame Bip01-R-Clavicle {
       

       FrameTransformMatrix {
        0.038448,-0.992675,-0.114533,0.000000,-0.999260,-0.038285,-0.003622,0.000000,-0.000789,0.114588,-0.993413,0.000000,1.189683,-0.252782,-0.008517,1.000000;;
       }

       Frame Bip01-RUpArmTwist {
        

        FrameTransformMatrix {
         0.016406,0.923501,-0.383245,0.000000,-0.475022,0.344477,0.809747,0.000000,0.879821,0.168766,0.444335,0.000000,0.565917,0.000000,-0.000000,1.000000;;
        }

        Frame Bip01-RUpArmTwist1 {
         

         FrameTransformMatrix {
          1.000000,-0.000000,0.000000,0.000000,0.000000,0.996043,0.088873,0.000000,0.000000,-0.088873,0.996043,0.000000,1.019181,0.000000,-0.000000,1.000000;;
         }
        }
       }
      }
     }
    }
   }

   Frame Bip01-L-Thigh {
    

    FrameTransformMatrix {
     -0.818899,0.023224,0.573467,0.000000,0.011175,-0.998346,0.056390,0.000000,0.573829,0.052586,0.817285,0.000000,-0.000001,0.543629,0.000001,1.000000;;
    }

    Frame Bip01-L-Calf {
     

     FrameTransformMatrix {
      0.412106,-0.000000,-0.911136,0.000000,-0.000000,1.000000,-0.000000,0.000000,0.911136,0.000000,0.412105,0.000000,3.190609,0.000000,-0.000000,1.000000;;
     }

     Frame Bip01-L-Foot {
      

      FrameTransformMatrix {
       0.999751,-0.020368,0.009079,0.000000,0.017839,0.974777,0.222466,0.000000,-0.013381,-0.222248,0.974898,0.000000,3.125004,-0.000000,-0.000000,1.000000;;
      }

      Frame Bip01-L-Toe0 {
       

       FrameTransformMatrix {
        -0.195350,-0.156851,0.968110,0.000000,-0.225972,0.967766,0.111197,0.000000,-0.954345,-0.197043,-0.224497,0.000000,0.736102,-0.006126,0.772960,1.000000;;
       }
      }
     }
    }
   }

   Frame Bip01-R-Thigh {
    

    FrameTransformMatrix {
     -0.955233,-0.147514,0.256458,0.000000,0.085043,-0.967154,-0.239542,0.000000,0.283370,-0.207009,0.936402,0.000000,0.000001,-0.543629,-0.000001,1.000000;;
    }

    Frame Bip01-R-Calf {
     

     FrameTransformMatrix {
      0.880229,-0.000000,-0.474549,0.000000,0.000000,1.000000,-0.000000,0.000000,0.474549,-0.000000,0.880229,0.000000,3.190608,0.000000,-0.000000,1.000000;;
     }

     Frame Bip01-R-Foot {
      

      FrameTransformMatrix {
       0.917218,-0.080514,0.390164,0.000000,0.005490,0.981826,0.189702,0.000000,-0.398347,-0.171856,0.900991,0.000000,3.125002,-0.000000,-0.000001,1.000000;;
      }

      Frame Bip01-R-Toe0 {
       

       FrameTransformMatrix {
        -0.171513,0.011144,0.985119,0.000000,-0.095102,0.995079,-0.027814,0.000000,-0.980581,-0.098458,-0.169610,0.000000,0.736102,0.006126,0.772960,1.000000;;
       }
      }
     }
    }
   }
  }
 }
}

Frame SK_Alice_Asylum {
 

 FrameTransformMatrix {
  1.000000,0.000000,0.000000,0.000000,0.000000,1.000000,0.000000,0.000000,0.000000,0.000000,1.000000,0.000000,0.000000,0.000000,0.000000,1.000000;;
 }

 Mesh SK_Alice_Asylum {
  4974;
  -0.157185;11.636429;-0.659315;,
  -0.137673;11.635830;-0.668059;,
  -0.148505;11.634148;-0.658891;,
  -0.100930;11.642149;-0.698291;,
  -0.123634;11.645966;-0.692995;,
  -0.104298;11.649733;-0.706843;,
  -0.118954;11.639389;-0.682099;,
  -0.118954;11.639389;-0.682099;,
  -0.144129;11.640981;-0.672651;,
  -0.165393;11.638782;-0.658747;,
  -0.156673;11.634379;-0.656691;,
  -0.157185;11.636429;-0.659315;,
  -0.165105;11.634878;-0.656251;,
  -0.152873;11.632334;-0.661107;,
  -0.156601;11.627124;-0.661267;,
  -0.173377;11.634822;-0.653515;,
  -0.145289;11.635053;-0.660787;,
  -0.145369;11.579380;-0.667043;,
  -0.161361;11.620804;-0.658723;,
  -0.137449;11.607710;-0.679299;,
  -0.133833;11.621494;-0.682843;,
  -0.130257;11.632900;-0.680635;,
  -0.120001;11.638445;-0.673883;,
  -0.088217;11.645676;-0.694651;,
  -0.094793;11.635285;-0.715387;,
  -0.063985;11.635604;-0.730227;,
  -0.065073;11.606940;-0.735339;,
  -0.101249;11.613493;-0.719811;,
  -0.101441;11.592686;-0.711043;,
  -0.030801;11.577532;-0.730819;,
  -0.064681;11.581404;-0.725235;,
  -0.029881;11.604420;-0.740771;,
  -0.193929;11.544829;-0.611387;,
  -0.176841;11.473555;-0.592379;,
  -0.231585;11.541445;-0.573203;,
  -0.145753;11.503828;-0.637115;,
  -0.165553;11.559428;-0.642259;,
  -0.115913;11.537157;-0.661531;,
  -0.102345;11.566731;-0.686211;,
  0.000095;11.579346;-0.731475;,
  0.000095;11.604740;-0.741875;,
  0.000095;11.561843;-0.705963;,
  -0.028401;11.561314;-0.705043;,
  -0.064905;11.560579;-0.699707;,
  -0.069377;11.529157;-0.672243;,
  -0.087881;11.481932;-0.656555;,
  -0.117105;11.430228;-0.646635;,
  -0.063569;11.368788;-0.637091;,
  -0.130009;11.398556;-0.611915;,
  -0.059641;11.409883;-0.667451;,
  -0.046185;11.474523;-0.674107;,
  -0.030633;11.528285;-0.676315;,
  0.000095;11.527356;-0.678947;,
  0.000095;11.403821;-0.674027;,
  0.000095;11.472365;-0.678387;,
  0.030823;11.528285;-0.676315;,
  0.046375;11.474523;-0.674107;,
  0.059831;11.409883;-0.667451;,
  0.088071;11.481932;-0.656555;,
  0.069567;11.529157;-0.672243;,
  0.116103;11.537157;-0.661531;,
  0.165743;11.559428;-0.642259;,
  0.145943;11.503828;-0.637116;,
  0.117295;11.430228;-0.646635;,
  0.063759;11.368788;-0.637091;,
  0.000095;11.360588;-0.648979;,
  -0.064977;11.347421;-0.596659;,
  0.211519;11.601308;-0.625323;,
  0.194119;11.544829;-0.611388;,
  0.177031;11.473555;-0.592379;,
  0.130199;11.398556;-0.611915;,
  0.065167;11.347421;-0.596660;,
  0.000095;11.337389;-0.605676;,
  0.000095;11.329212;-0.551396;,
  0.071583;11.339852;-0.542227;,
  0.137295;11.386948;-0.566348;,
  0.195719;11.455806;-0.555396;,
  0.000095;11.334333;-0.487827;,
  0.075247;11.347122;-0.473188;,
  0.147943;11.382381;-0.504796;,
  0.209479;11.447355;-0.516020;,
  0.262143;11.539060;-0.537836;,
  0.231775;11.541445;-0.573204;,
  0.292823;11.537284;-0.477292;,
  0.226207;11.443965;-0.452332;,
  0.146303;11.384125;-0.434052;,
  0.225063;11.438012;-0.383500;,
  0.311383;11.528652;-0.402476;,
  0.347575;11.616547;-0.469308;,
  0.310743;11.614925;-0.537220;,
  0.269583;11.608940;-0.583891;,
  0.390479;11.713821;-0.497972;,
  0.340703;11.697163;-0.563132;,
  0.310743;11.614925;-0.537220;,
  0.417095;11.805508;-0.530108;,
  0.235351;11.602004;-0.610844;,
  0.254679;11.656045;-0.625428;,
  0.287919;11.671366;-0.605076;,
  0.358911;11.776333;-0.589196;,
  0.425287;11.906781;-0.568804;,
  0.226207;11.647174;-0.638204;,
  0.253159;11.712726;-0.649284;,
  0.293279;11.739804;-0.630052;,
  0.358167;11.855935;-0.619052;,
  0.332927;11.927190;-0.642932;,
  0.400527;11.999782;-0.596732;,
  0.259591;11.860502;-0.666972;,
  0.284879;11.805534;-0.650036;,
  0.227271;11.765749;-0.670252;,
  0.202287;11.740454;-0.679148;,
  0.223015;11.689406;-0.658252;,
  0.202455;11.640398;-0.646179;,
  0.203759;11.673358;-0.662300;,
  0.182119;11.713429;-0.685484;,
  0.166943;11.777510;-0.696875;,
  0.194703;11.817093;-0.685084;,
  0.220383;11.906798;-0.676916;,
  0.156455;11.661381;-0.686428;,
  0.182543;11.650822;-0.661164;,
  0.175567;11.644925;-0.659172;,
  0.158911;11.669829;-0.688948;,
  0.138247;11.685173;-0.707636;,
  0.152071;11.734124;-0.702540;,
  0.124015;11.809149;-0.705252;,
  0.150535;11.855870;-0.693388;,
  0.059887;11.726206;-0.754644;,
  0.094775;11.704653;-0.744588;,
  0.064143;11.717686;-0.760531;,
  0.092503;11.714221;-0.740059;,
  0.050359;11.759493;-0.745939;,
  0.088703;11.759916;-0.729324;,
  0.122543;11.750316;-0.716116;,
  0.117119;11.699316;-0.724884;,
  0.116167;11.691820;-0.725020;,
  0.086983;11.672326;-0.735867;,
  0.109775;11.663396;-0.719339;,
  0.081383;11.655574;-0.725299;,
  0.104487;11.649733;-0.706843;,
  0.078247;11.646558;-0.713187;,
  0.101119;11.642149;-0.698292;,
  0.059015;11.655110;-0.735131;,
  0.028983;11.651438;-0.742699;,
  0.062031;11.678822;-0.750643;,
  0.055119;11.645470;-0.718795;,
  0.029151;11.641118;-0.726187;,
  0.000095;11.638645;-0.728907;,
  0.000095;11.647702;-0.745451;,
  0.029383;11.678607;-0.764739;,
  0.000095;11.676439;-0.769123;,
  -0.078058;11.646558;-0.713187;,
  -0.058825;11.655110;-0.735131;,
  -0.054929;11.645470;-0.718795;,
  -0.028793;11.651438;-0.742699;,
  -0.028961;11.641118;-0.726187;,
  -0.029193;11.678607;-0.764739;,
  0.000095;11.712613;-0.772603;,
  0.029383;11.719061;-0.770971;,
  -0.029193;11.719061;-0.770971;,
  0.026295;11.727871;-0.762852;,
  0.000095;11.747814;-0.746267;,
  0.021367;11.756981;-0.746531;,
  0.000095;11.720782;-0.762755;,
  -0.026105;11.727871;-0.762852;,
  -0.063953;11.717686;-0.760531;,
  -0.061841;11.678822;-0.750643;,
  -0.059697;11.726206;-0.754643;,
  -0.021177;11.756981;-0.746531;,
  -0.094586;11.704653;-0.744587;,
  -0.086794;11.672326;-0.735867;,
  -0.081194;11.655574;-0.725299;,
  -0.100930;11.642149;-0.698291;,
  -0.128314;11.657910;-0.701971;,
  -0.109586;11.663396;-0.719339;,
  -0.115978;11.691820;-0.725019;,
  -0.116930;11.699316;-0.724883;,
  -0.138058;11.685173;-0.707635;,
  -0.151881;11.734124;-0.702539;,
  -0.150681;11.648246;-0.680275;,
  -0.175377;11.644925;-0.659171;,
  -0.156265;11.661381;-0.686427;,
  -0.136362;11.677949;-0.708787;,
  -0.158722;11.669829;-0.688947;,
  -0.181929;11.713429;-0.685483;,
  -0.203569;11.673358;-0.662299;,
  -0.226017;11.647173;-0.638203;,
  -0.222825;11.689405;-0.658251;,
  -0.202265;11.640398;-0.646179;,
  -0.182353;11.650820;-0.661163;,
  -0.181177;11.634741;-0.648723;,
  -0.184993;11.606691;-0.644379;,
  -0.211329;11.601308;-0.625323;,
  -0.235161;11.602004;-0.610843;,
  -0.254489;11.656046;-0.625427;,
  -0.269393;11.608940;-0.583891;,
  -0.292633;11.537285;-0.477291;,
  -0.310553;11.614925;-0.537219;,
  -0.261953;11.539061;-0.537835;,
  -0.388425;11.628109;-0.167987;,
  -0.455409;11.733989;-0.309907;,
  -0.391041;11.621571;-0.299811;,
  -0.375073;11.619334;-0.392019;,
  -0.428841;11.724061;-0.411835;,
  -0.347385;11.616547;-0.469307;,
  -0.390289;11.713822;-0.497972;,
  -0.340513;11.697166;-0.563131;,
  -0.287729;11.671365;-0.605075;,
  -0.358721;11.776333;-0.589195;,
  -0.416905;11.805509;-0.530107;,
  -0.472145;11.838998;-0.448315;,
  -0.503225;11.866317;-0.340827;,
  -0.476631;11.770878;-0.014500;,
  -0.517769;11.895662;-0.065766;,
  -0.525657;12.006438;-0.375003;,
  -0.482089;11.953389;-0.484355;,
  -0.425097;11.906781;-0.568803;,
  -0.357977;11.855935;-0.619051;,
  -0.293089;11.739806;-0.630051;,
  -0.284689;11.805534;-0.650035;,
  -0.458641;12.038318;-0.519619;,
  -0.400337;11.999782;-0.596731;,
  -0.280137;11.970614;-0.655675;,
  -0.332737;11.927190;-0.642931;,
  -0.225825;12.001294;-0.660411;,
  -0.220193;11.906798;-0.676915;,
  -0.259401;11.860500;-0.666971;,
  -0.487977;12.100998;-0.459075;,
  -0.434457;12.098094;-0.535459;,
  -0.389065;12.069382;-0.589339;,
  -0.319185;12.030806;-0.632635;,
  -0.248201;12.058565;-0.640675;,
  -0.185937;12.082974;-0.638515;,
  -0.169769;12.026661;-0.666179;,
  -0.451345;12.155150;-0.495987;,
  -0.492169;12.185221;-0.418107;,
  -0.461097;12.214229;-0.476643;,
  -0.464113;12.271924;-0.503515;,
  -0.521409;12.247420;-0.305587;,
  -0.526537;12.404620;-0.241643;,
  -0.505241;12.368170;-0.347251;,
  -0.488393;12.339226;-0.438091;,
  -0.490073;12.253058;-0.416419;,
  -0.464585;12.312797;-0.514243;,
  -0.535385;12.140559;-0.300483;,
  -0.556573;12.486442;0.045541;,
  -0.493881;12.627204;-0.248003;,
  -0.542481;12.443477;-0.133507;,
  -0.477689;12.546484;-0.358627;,
  -0.470025;12.476700;-0.440259;,
  -0.455713;12.407788;-0.504043;,
  -0.450025;12.341100;-0.560075;,
  -0.431457;12.292146;-0.572563;,
  -0.400897;12.439378;-0.581163;,
  -0.329657;12.365618;-0.674667;,
  -0.401625;12.366723;-0.616443;,
  -0.403561;12.516964;-0.533363;,
  -0.412289;12.626309;-0.458251;,
  -0.420545;12.743532;-0.341603;,
  -0.514137;12.693980;-0.098827;,
  -0.407697;12.849172;-0.205459;,
  -0.338377;12.799955;-0.408715;,
  -0.332929;12.668507;-0.544731;,
  -0.233889;12.675971;-0.588099;,
  -0.240913;12.838972;-0.460555;,
  -0.276321;12.943188;-0.256795;,
  -0.409220;12.868049;0.063571;,
  -0.321337;12.528566;-0.611059;,
  -0.222969;12.511459;-0.664755;,
  -0.125393;12.460765;-0.704883;,
  -0.139545;12.671404;-0.626003;,
  -0.148225;12.853996;-0.492459;,
  -0.174177;12.979789;-0.283411;,
  -0.280249;12.962925;0.058813;,
  -0.369456;12.799400;0.426760;,
  -0.055009;12.675202;-0.641531;,
  -0.066001;12.866804;-0.507707;,
  -0.072537;12.999740;-0.291331;,
  -0.139521;13.011509;0.052725;,
  -0.251024;12.879216;0.418987;,
  -0.177829;12.754093;0.582247;,
  -0.051745;12.447803;-0.709403;,
  0.000095;12.675203;-0.646252;,
  0.000095;12.446900;-0.710435;,
  0.000095;12.866428;-0.513835;,
  0.000095;13.005011;-0.297595;,
  0.000095;13.023012;0.048076;,
  0.000000;12.932157;0.430348;,
  -0.136684;12.916330;0.426561;,
  0.000001;12.763776;0.606910;,
  0.055199;12.675202;-0.641531;,
  0.051935;12.447803;-0.709403;,
  0.125583;12.460765;-0.704883;,
  0.333119;12.668507;-0.544732;,
  0.223159;12.511459;-0.664755;,
  0.234079;12.675971;-0.588099;,
  0.139735;12.671404;-0.626003;,
  0.066191;12.866804;-0.507707;,
  0.000095;13.005011;-0.297595;,
  0.072727;12.999740;-0.291331;,
  0.000095;13.023012;0.048076;,
  0.139711;13.011509;0.052724;,
  0.338567;12.799955;-0.408716;,
  0.241103;12.838972;-0.460556;,
  0.148415;12.853996;-0.492459;,
  0.174367;12.979789;-0.283412;,
  0.280439;12.962925;0.058812;,
  0.251025;12.879216;0.418987;,
  0.369456;12.799404;0.401237;,
  0.407887;12.849172;-0.205460;,
  0.276511;12.943188;-0.256796;,
  0.409319;12.868051;0.063148;,
  0.177830;12.754093;0.582247;,
  0.337554;12.663637;0.552896;,
  0.444113;12.545110;0.500437;,
  0.489725;12.640509;0.373091;,
  0.515098;12.701199;0.093482;,
  0.514327;12.693980;-0.098828;,
  0.420735;12.743532;-0.341604;,
  0.514395;12.311110;0.413123;,
  0.549458;12.431458;0.298372;,
  0.556574;12.486442;0.045540;,
  0.494071;12.627204;-0.248004;,
  0.412479;12.626309;-0.458252;,
  0.556673;12.283005;0.177935;,
  0.554868;12.252838;0.243148;,
  0.542671;12.443477;-0.133508;,
  0.477879;12.546484;-0.358628;,
  0.403751;12.516965;-0.533364;,
  0.321527;12.528565;-0.611060;,
  0.470215;12.476700;-0.440260;,
  0.526727;12.404620;-0.241644;,
  0.552309;12.274219;0.095544;,
  0.591899;12.299273;0.171876;,
  0.601326;12.276754;0.239125;,
  0.606491;12.220788;0.267130;,
  0.550726;12.172194;0.273812;,
  0.600801;12.129294;0.271980;,
  0.546851;12.151591;-0.016516;,
  0.536279;12.262801;-0.113768;,
  0.521599;12.247419;-0.305588;,
  0.505431;12.368173;-0.347252;,
  0.535575;12.140558;-0.300484;,
  0.543272;12.010215;-0.064758;,
  0.525847;12.006438;-0.375004;,
  0.517769;11.895662;-0.065767;,
  0.503415;11.866316;-0.340828;,
  0.488167;12.100998;-0.459076;,
  0.451535;12.155150;-0.495988;,
  0.492359;12.185221;-0.418108;,
  0.490263;12.253058;-0.416420;,
  0.488583;12.339229;-0.438092;,
  0.455903;12.407790;-0.504044;,
  0.401087;12.439380;-0.581164;,
  0.470215;12.476700;-0.440260;,
  0.403751;12.516965;-0.533364;,
  0.461287;12.214229;-0.476644;,
  0.464303;12.271924;-0.503516;,
  0.464775;12.312797;-0.514244;,
  0.450123;12.341101;-0.559653;,
  0.401718;12.366722;-0.616020;,
  0.392223;12.312764;-0.623420;,
  0.327583;12.315692;-0.669451;,
  0.258743;12.305517;-0.680940;,
  0.329749;12.365618;-0.674242;,
  0.327575;12.433892;-0.655011;,
  0.243511;12.340580;-0.701699;,
  0.185983;12.276835;-0.679763;,
  0.207999;12.260142;-0.657580;,
  0.159719;12.209547;-0.634644;,
  0.131447;12.237654;-0.668667;,
  0.127983;12.174462;-0.633667;,
  0.326527;12.298580;-0.650540;,
  0.263199;12.285995;-0.661243;,
  0.218079;12.247867;-0.653331;,
  0.177551;12.201251;-0.631811;,
  0.150903;12.160518;-0.626492;,
  0.128895;12.141941;-0.636595;,
  0.266615;12.272196;-0.650612;,
  0.222911;12.235899;-0.630068;,
  0.267679;12.261884;-0.628692;,
  0.325407;12.281459;-0.637916;,
  0.387159;12.294003;-0.615588;,
  0.431647;12.292149;-0.572564;,
  0.423295;12.273629;-0.569668;,
  0.381967;12.275251;-0.603876;,
  0.320375;12.267987;-0.626900;,
  0.269623;12.258579;-0.608244;,
  0.415279;12.259972;-0.567724;,
  0.375623;12.260042;-0.598572;,
  0.442575;12.247955;-0.526316;,
  0.449863;12.222187;-0.501724;,
  0.435455;12.183172;-0.516436;,
  0.421551;12.138918;-0.543332;,
  0.434647;12.098096;-0.535460;,
  0.434655;12.240893;-0.535684;,
  0.429311;12.196526;-0.526084;,
  0.438343;12.222748;-0.513636;,
  0.419895;12.234043;-0.538036;,
  0.403255;12.246588;-0.563972;,
  0.362847;12.258506;-0.577004;,
  0.320479;12.265444;-0.596340;,
  0.329959;12.268124;-0.536308;,
  0.393455;12.246020;-0.550796;,
  0.372079;12.249164;-0.499668;,
  0.273607;12.266163;-0.548852;,
  0.288935;12.203236;-0.440564;,
  0.403519;12.220268;-0.493916;,
  0.410455;12.233004;-0.530332;,
  0.427919;12.221741;-0.517020;,
  0.419975;12.200924;-0.525292;,
  0.349479;12.145421;-0.517860;,
  0.388599;12.174941;-0.496780;,
  0.410727;12.199916;-0.513484;,
  0.418311;12.220426;-0.510092;,
  0.400655;12.173725;-0.535316;,
  0.369495;12.142574;-0.566228;,
  0.297175;12.132588;-0.537220;,
  0.407463;12.173341;-0.547644;,
  0.375695;12.143269;-0.583060;,
  0.414847;12.162846;-0.550988;,
  0.383119;12.130637;-0.589436;,
  0.313383;12.127670;-0.582731;,
  0.318783;12.133694;-0.598380;,
  0.325671;12.125014;-0.618004;,
  0.384439;12.107151;-0.586492;,
  0.272015;12.133174;-0.627131;,
  0.271167;12.132662;-0.609787;,
  0.267295;12.130118;-0.593331;,
  0.211935;12.142701;-0.588723;,
  0.206711;12.136854;-0.572484;,
  0.187247;12.149333;-0.586620;,
  0.209783;12.143334;-0.604963;,
  0.177911;12.146694;-0.601667;,
  0.180607;12.155255;-0.593604;,
  0.181399;12.157197;-0.576404;,
  0.229007;12.137933;-0.548092;,
  0.190767;12.166942;-0.532108;,
  0.264447;12.118375;-0.638996;,
  0.211247;12.134445;-0.627804;,
  0.180087;12.140614;-0.623011;,
  0.165271;12.149685;-0.611756;,
  0.176039;12.165982;-0.594291;,
  0.174943;12.167756;-0.576867;,
  0.155215;12.147390;-0.627700;,
  0.163735;12.126829;-0.626219;,
  0.197199;12.115549;-0.628804;,
  0.260159;12.094030;-0.635796;,
  0.326055;12.075653;-0.625380;,
  0.327471;12.108509;-0.624836;,
  0.186127;12.082974;-0.638516;,
  0.137215;12.105878;-0.647268;,
  0.169959;12.026661;-0.666180;,
  0.226015;12.001295;-0.660412;,
  0.248391;12.058567;-0.640676;,
  0.280327;11.970615;-0.655676;,
  0.319375;12.030806;-0.632636;,
  0.389255;12.069382;-0.589340;,
  0.458831;12.038318;-0.519620;,
  0.482279;11.953389;-0.484356;,
  0.472335;11.838996;-0.448316;,
  0.429031;11.724060;-0.411836;,
  0.375263;11.619332;-0.392020;,
  0.455599;11.733989;-0.309908;,
  0.391231;11.621571;-0.299812;,
  0.388615;11.628109;-0.167988;,
  0.250911;11.480054;-0.161732;,
  0.292503;11.523422;-0.228756;,
  0.476632;11.770878;-0.014501;,
  0.523661;11.914554;0.037858;,
  0.555485;12.021010;0.017941;,
  0.543695;11.930395;0.049034;,
  0.566160;11.957118;0.061085;,
  0.558563;12.050871;0.070588;,
  0.562220;12.158091;0.056213;,
  0.582923;11.959383;0.103039;,
  0.576749;11.997085;0.105052;,
  0.562882;12.058418;0.117311;,
  0.569042;12.160294;0.099829;,
  0.608040;12.238393;0.110005;,
  0.586059;12.253717;0.096864;,
  0.622832;12.283714;0.167538;,
  0.587175;12.050489;0.162495;,
  0.592167;11.980950;0.138628;,
  0.579798;12.150120;0.152083;,
  0.602637;12.215261;0.165531;,
  0.626758;12.257404;0.184779;,
  0.631676;12.265007;0.224809;,
  0.632475;12.127711;0.258312;,
  0.624523;12.214482;0.235076;,
  0.631646;12.219317;0.255465;,
  0.568294;12.022624;0.216701;,
  0.523173;12.052596;0.241792;,
  0.467903;12.087422;0.396797;,
  0.414775;11.924320;0.341972;,
  0.330452;12.164155;0.618457;,
  0.000000;11.779654;0.484284;,
  0.128462;11.965686;0.621915;,
  0.000000;11.965658;0.636249;,
  0.150974;12.209962;0.711774;,
  0.164842;12.494321;0.706586;,
  0.365809;12.431590;0.622124;,
  0.000001;12.763776;0.606910;,
  0.000001;12.516506;0.726770;,
  0.000001;12.217304;0.714975;,
  0.000000;12.932157;0.430348;,
  0.136685;12.916330;0.426561;,
  -0.083697;11.331806;0.230500;,
  -0.207337;11.241933;0.213419;,
  -0.102177;11.251918;0.258068;,
  0.000095;11.178230;0.307252;,
  0.000095;11.256069;0.270780;,
  0.000095;11.332830;0.243084;,
  0.000095;11.409957;0.228532;,
  -0.077393;11.411534;0.217252;,
  0.000095;11.524246;0.223852;,
  -0.080153;11.524685;0.220076;,
  0.000000;11.646938;0.296106;,
  -0.092007;11.644894;0.288923;,
  -0.111207;11.775502;0.469783;,
  0.000000;11.779654;0.484284;,
  -0.286601;11.623917;0.046140;,
  -0.178305;11.520054;0.163020;,
  -0.208009;11.639950;0.188108;,
  -0.174857;11.405134;0.166812;,
  -0.198521;11.317581;0.179948;,
  -0.259554;11.221206;0.172356;,
  -0.335294;11.123844;0.214254;,
  -0.247799;11.770833;0.380129;,
  -0.347663;11.765232;0.182120;,
  -0.410538;11.744570;0.077167;,
  -0.128462;11.965686;0.621915;,
  -0.286668;11.949345;0.537826;,
  -0.414775;11.924320;0.341973;,
  -0.483689;11.944065;0.158205;,
  -0.523660;11.914554;0.037859;,
  -0.537294;11.918606;0.113342;,
  -0.330451;12.164155;0.618457;,
  -0.150973;12.209962;0.711774;,
  -0.164841;12.494320;0.706586;,
  -0.337553;12.663637;0.552896;,
  -0.365808;12.431590;0.622125;,
  -0.467903;12.087422;0.396797;,
  -0.523173;12.052596;0.241792;,
  -0.555116;11.957594;0.162610;,
  -0.515098;12.701199;0.093482;,
  -0.489725;12.640509;0.373091;,
  -0.444112;12.545110;0.500437;,
  -0.514394;12.311110;0.413123;,
  -0.550725;12.172194;0.273813;,
  -0.549457;12.431458;0.298373;,
  -0.546851;12.151591;-0.016515;,
  -0.536279;12.262801;-0.117963;,
  -0.552309;12.274219;0.095545;,
  -0.556673;12.283005;0.177936;,
  -0.554867;12.252838;0.243149;,
  -0.591899;12.299273;0.171877;,
  -0.586058;12.253717;0.096864;,
  -0.562220;12.158091;0.056214;,
  -0.622832;12.283714;0.167539;,
  -0.601325;12.276754;0.239126;,
  -0.606490;12.220788;0.267130;,
  -0.600801;12.129294;0.271981;,
  -0.568293;12.022624;0.216701;,
  -0.631675;12.265007;0.224810;,
  -0.631646;12.219317;0.255466;,
  -0.558563;12.050871;0.070588;,
  -0.569042;12.160294;0.099830;,
  -0.608039;12.238393;0.110006;,
  -0.626758;12.257404;0.184780;,
  -0.624522;12.214482;0.235077;,
  -0.632474;12.127711;0.258313;,
  -0.623125;12.130804;0.230301;,
  -0.613925;12.192955;0.208538;,
  -0.625122;12.133481;0.191871;,
  -0.579797;12.150120;0.152083;,
  -0.602637;12.215261;0.165532;,
  -0.594515;12.024951;0.200987;,
  -0.596889;12.037949;0.183323;,
  -0.587174;12.050489;0.162495;,
  -0.562881;12.058418;0.117312;,
  -0.582949;11.964954;0.151649;,
  -0.592166;11.980950;0.138628;,
  -0.576749;11.997085;0.105052;,
  -0.576226;11.933433;0.107206;,
  -0.582923;11.959383;0.103039;,
  -0.566160;11.957118;0.061086;,
  -0.555485;12.021010;0.017941;,
  -0.543695;11.930395;0.049034;,
  -0.543272;12.010215;-0.064757;,
  -0.405571;12.587979;0.519411;,
  -0.413147;12.722689;0.564202;,
  -0.337553;12.663637;0.552896;,
